11.52491
12.29672
8.873984
3.004366
9.021436
7.010949
4.626519
14.92003
7.919489
11.24864
15.23012
9.65071
12.25148
15.32824
7.767674
10.10799
8.781458
8.622023
13.42248
9.133906
7.076149
11.71536
5.058265
7.818147
4.613563
5.672171
11.35252
10.16966
3.532786
10.85616
8.428304
10.42349
10.2975
12.49987
5.001565
15.95075
8.922039
7.264836
11.88961
10.3691
6.935748
9.284869
6.005293
10.27527
12.53743
9.465477
5.28254
0.06089065
13.32627
13.85144
6.991013
10.53289
7.684868
10.28572
8.918517
9.05512
9.768879
10.73881
9.381492
8.344807
9.276049
9.233778
14.12755
10.41019
10.78859
6.28569
6.816038
8.260746
9.969822
9.907254
11.46954
9.73853
14.08343
9.456847
13.46963
5.668675
13.51653
13.71639
8.830686
14.08294
7.677948
10.30394
6.795748
7.144376
7.972172
13.65422
14.47027
15.25187
11.93009
7.131431
5.410454
9.898012
9.089086
5.166957
6.591948
7.468492
12.92142
3.794798
10.89573
11.4051
11.97127
8.490397
8.639711
4.852865
14.71652
8.943893
7.579777
3.931082
7.957041
14.49779
7.842893
8.436326
4.137991
14.65213
10.30343
8.645281
13.27752
12.65856
14.57015
16.03817
16.65595
14.31023
7.393088
7.833311
9.253575
11.18294
8.984899
11.56792
8.800067
7.176987
7.515701
12.12481
12.17965
14.69938
6.669021
11.35268
11.85837
6.454846
15.59856
10.46594
6.266248
13.17239
8.119572
5.636699
16.40201
11.62531
11.74178
9.282838
13.08954
5.127417
11.06915
12.64779
8.314359
12.87804
10.70742
6.525527
10.13581
9.238593
9.085404
5.763157
12.2516
11.14
2.048783
7.666921
8.863716
10.65867
13.47809
8.62691
8.919323
8.125903
9.198344
9.045804
6.084526
9.417587
11.34215
8.856529
10.09399
10.93425
10.21053
9.266045
11.30236
9.123536
10.28279
6.074515
15.56358
10.39194
10.95601
11.44211
7.787164
10.63172
10.13487
11.6211
14.06223
10.66837
11.53677
9.482079
11.93616
4.038925
9.931515
9.501878
10.33765
4.428076
8.941002
13.49743
13.53647
9.335369
11.73037
13.46236
10.36901
10.53701
12.40718
7.686304
11.57386
9.233776
6.154013
11.65075
7.887805
8.49859
13.52318
12.93177
1.457179
12.9861
9.062421
9.186659
11.94044
6.70187
9.920062
12.80296
10.62651
9.185757
6.38267
10.6486
8.35471
3.948589
13.68005
11.21234
11.90772
5.737414
10.34683
9.704985
9.398023
11.84618
13.27909
7.260926
8.914654
4.936131
16.0457
8.105633
12.29141
6.357507
12.99274
10.71253
12.37809
8.215435
8.924415
7.613724
7.694963
9.937677
8.269868
11.49521
9.984404
9.944898
12.75613
10.41845
10.95468
10.51496
10.04648
13.14056
10.92198
11.33442
12.55125
4.507191
10.62398
7.147111
6.681514
9.781335
4.823517
13.57643
8.698027
14.50801
5.769287
15.9954
11.02878
13.81626
7.241952
10.64952
11.20858
8.874764
6.654966
13.76196
13.39005
9.475657
9.10504
14.21536
8.647505
7.831931
8.145283
6.459404
5.35768
7.433442
7.707242
10.01657
7.418135
10.80777
9.322156
14.67373
16.19061
10.57879
13.26627
13.96533
6.792509
10.20767
7.677468
5.044134
7.430857
10.04037
11.35665
4.599808
6.515214
3.617557
8.539127
13.05327
4.836369
9.196583
10.02057
8.440712
5.586161
8.965918
9.109578
11.72869
8.804129
5.914276
10.82613
7.595564
10.58001
3.474177
8.481593
11.73681
3.619589
9.641506
6.429176
9.549963
12.26907
12.6326
13.73152
9.924262
8.938963
9.239502
17.32225
10.20859
2.373189
2.167515
9.271474
9.847834
7.247258
9.649822
10.385
7.857396
11.33884
10.19803
15.32443
12.65048
8.796885
10.92011
8.721438
13.90468
9.983521
16.74724
9.997853
11.20681
12.43866
14.99027
6.511046
14.01235
9.898608
4.610328
11.83832
7.9341
9.270538
9.896161
11.86588
12.05116
15.78362
8.634821
8.900703
7.461881
12.31067
8.489858
11.66226
11.36773
10.81567
9.871438
9.907947
10.03707
11.38685
6.55289
11.97891
10.84078
8.568642
7.337123
14.19459
10.36921
7.030459
12.16369
4.72107
5.425515
4.394253
9.510101
11.86225
14.85978
10.73078
10.06947
11.92622
8.655411
5.264605
13.15736
6.350118
11.90073
11.77268
11.46237
9.643027
13.95319
11.80366
11.22199
10.15383
8.920602
16.02048
13.99168
12.57434
5.923596
9.558526
15.81028
13.71318
10.07288
8.809408
9.80822
11.66037
14.97407
11.28822
11.87054
12.26552
15.99806
6.5316
11.34179
8.036504
7.058593
8.420199
10.09404
7.684244
5.310549
11.3475
10.85981
7.171149
7.883454
9.766094
12.99951
9.93471
12.32525
6.457432
7.60218
11.55104
9.718394
7.00608
3.099777
10.88413
11.97869
15.39174
10.36151
9.554315
6.699949
11.72256
7.946242
13.21609
11.50738
8.567973
5.141534
12.20678
16.06261
4.716687
10.88618
10.03137
6.774266
9.597915
11.93257
9.844736
12.82691
10.04738
8.882925
7.594606
9.758853
4.251047
15.27915
9.563049
10.21948
10.0427
5.702489
12.37594
4.095281
14.26941
12.18718
14.26804
10.17373
8.234806
8.27961
12.8794
12.37466
9.089843
10.26823
9.01273
8.900529
12.13128
6.306309
6.67138
7.560758
9.072621
12.94573
16.89192
8.18065
9.351678
13.04002
10.95691
7.869497
6.147394
13.02802
10.6095
6.373776
12.24434
13.55874
5.615875
7.269656
14.68094
10.47691
14.1183
9.96564
11.30932
13.08336
11.89988
13.05412
11.13821
7.472745
7.157937
9.762917
8.496201
7.007071
9.277151
8.301784
13.79745
10.8063
11.39712
14.20007
5.316634
12.59305
7.48087
9.53404
10.89275
13.64074
10.84664
8.058173
7.868973
11.47495
8.641643
11.08399
8.668006
7.974994
10.47394
7.647418
14.25039
9.214342
1.767163
8.115996
8.318569
10.98718
13.9288
6.574094
5.552205
11.62794
12.63111
6.856408
13.44368
11.62858
10.79691
6.546176
11.67719
15.83431
11.69767
3.583297
8.320904
11.76057
11.67702
6.807176
12.78215
10.89101
5.549252
6.757963
12.47203
11.78324
9.464896
8.061349
11.76894
7.922659
7.380119
8.906486
9.150033
8.079367
12.61426
9.311501
7.63159
10.10405
11.0185
8.351069
12.30723
13.64383
10.69921
5.899068
10.34555
6.859937
9.602542
11.06381
5.806259
8.032097
8.628181
7.708918
11.18211
12.2677
16.01836
17.74244
11.24527
13.41741
11.84224
13.36
12.05787
6.409555
9.656655
10.88353
10.39328
15.89626
13.88501
6.069312
10.49402
10.14031
8.29867
8.044356
12.08132
9.827237
9.05611
6.760547
11.46727
10.77808
7.669028
14.25312
5.829026
11.56476
6.432798
4.456033
11.27238
7.683652
2.768389
10.01863
12.5079
8.36095
16.44423
15.6729
12.15451
9.372529
12.45713
11.73835
8.763483
7.550726
8.673181
9.826415
12.55739
11.88269
7.870949
15.77063
12.25023
14.46718
12.63334
10.33943
10.06893
9.294464
11.47809
8.907588
10.14893
12.14137
15.05081
11.26516
14.96951
8.665033
8.051162
10.00582
10.75356
10.702
13.94964
13.75665
3.586945
15.36771
6.916923
8.10915
8.084153
7.298745
8.01441
11.46533
12.00109
7.991677
10.84003
12.61679
2.327612
12.64392
8.841969
12.23305
4.954903
8.354046
7.093828
12.97423
9.70084
10.41497
16.73726
7.694605
16.09581
7.100154
15.8675
10.27677
13.13321
9.214222
10.69435
11.31031
12.57684
6.212212
15.23385
9.410967
9.747949
12.07139
6.474568
9.053399
6.578832
11.4207
10.04508
9.87008
10.99672
8.598722
5.231281
8.204804
8.06183
12.89772
12.64672
13.64998
9.479874
9.51121
14.9887
11.41144
8.490414
9.78755
13.77815
2.618236
11.50346
12.87524
10.88256
10.85279
12.30827
9.610354
14.29261
10.08722
11.3219
10.70513
12.04239
9.913628
8.347677
8.544723
6.961266
11.3363
8.109887
9.295223
13.1693
10.29935
10.64761
8.257106
14.6266
4.129488
9.161461
10.92524
14.28893
10.94101
9.289859
11.8422
12.29653
13.3371
10.97884
13.96812
4.248262
11.43158
11.11984
8.370466
13.88507
13.44701
6.582135
13.46081
8.221022
14.04671
10.1778
7.377159
6.751159
14.51923
12.69078
10.89672
4.964919
12.42798
7.720242
8.768167
10.87803
14.412
7.913006
8.086775
8.427742
7.012183
15.34608
10.1431
13.00654
12.64324
7.231943
16.46695
8.129724
9.278267
8.387919
9.862168
10.35818
5.349446
7.435424
9.243096
8.455889
10.32713
4.937455
12.72731
12.56742
9.113834
13.30722
6.886938
13.40341
11.00895
4.43278
7.421271
7.352694
11.19755
8.637753
12.43922
13.66587
10.91827
11.58127
10.5949
8.437986
2.831521
14.76745
8.656068
6.421251
7.159261
5.813191
8.525388
12.60488
4.97612
6.462345
7.051992
8.160853
8.70537
10.16269
7.123351
14.3269
8.732392
10.33982
8.174261
10.0648
12.48319
15.95447
13.47982
11.33995
11.56681
12.17572
11.2879
13.28447
11.9639
14.70068
8.466079
10.09295
12.44099
7.318231
12.89138
13.67201
9.712338
11.21059
8.989119
12.01701
8.242072
6.304638
10.30338
17.62159
9.663728
9.873368
9.362826
7.563737
10.70671
10.80675
5.588378
13.1723
15.77313
10.4339
5.371597
3.389733
11.67386
6.625124
11.86329
12.09795
6.677197
3.963058
12.29631
9.915874
7.811302
9.283884
10.2954
14.0487
11.53206
8.826619
6.238919
10.39243
11.70889
3.991118
7.898312
13.51659
13.48849
14.67634
11.16199
10.99436
7.35194
9.437722
10.6295
7.417698
4.423296
9.122688
8.725699
10.77939
10.16092
11.03196
12.70929
12.39073
0.9647961
7.324932
9.670658
9.811823
11.4654
8.277408
13.18774
15.24938
8.296346
12.44511
8.553659
7.512824
2.314214
8.310126
12.92993
9.764197
10.02689
13.19892
12.70127
8.117038
9.840981
13.82289
7.762872
10.31368
9.283108
13.57218
11.96119
8.935135
6.107242
13.29714
11.41934
14.31555
8.676333
5.982969
7.640715
9.1362
8.565865
12.41395
8.162566
8.743952
8.7265
7.514697
11.46389
6.86341
7.275015
6.226891
4.713604
7.350051
14.44275
9.036514
10.38337
7.757443
10.6937
16.72924
8.328952
13.53062
5.998792
9.987389
9.109668
13.04173
9.451697
11.11654
8.983975
10.50797
7.886529
8.623179
4.014531
12.98752
7.086012
6.163485
12.66481
11.2155
6.887393
15.46016
9.771175
8.57641
9.111673
9.103373
8.954946
6.375325
8.2083
11.20528
9.700505
7.397539
9.04729
11.15538
8.537748
8.972515
8.188612
13.44651
7.954039
13.51966
9.981684
8.07632
5.664511
12.46069
18.01398
10.72566
12.6915
8.070609
8.882051
8.957276
5.0211
11.5267
10.96579
9.76265
9.572085
12.79549
9.728696
10.68216
11.8174
8.69218
8.854327
10.87635
15.25744
6.761991
7.617464
10.58048
11.37475
13.08227
6.212687
11.14071
14.96197
11.81082
7.44322
5.391247
13.73378
8.348416
17.09355
11.94506
14.87545
14.19558
13.92798
6.562829
10.95404
9.700907
12.55538
14.16505
9.599674
9.589029
5.544245
13.61665
8.405618
18.41592
7.762106
13.02563
12.74381
10.28767
7.526587
14.43947
11.18847
9.833385
13.00118
6.332769
10.20909
12.05252
7.247614
12.36883
11.13762
15.04208
11.78835
9.556202
9.699974
13.22188
10.87235
6.287111
11.34362
10.62759
11.20104
11.43528
11.17209
12.13613
10.45251
8.611237
7.07938
9.781406
9.319518
3.420395
7.225469
13.48459
9.318603
9.984132
8.316855
13.54464
10.03133
13.39814
12.19426
6.045182
13.5743
11.84239
12.6221
8.886599
9.649274
9.84424
5.048987
7.360202
9.466308
5.690169
10.03478
9.384377
8.355863
3.197656
15.25989
10.90074
10.87704
8.064935
6.548957
15.47619
13.79634
11.2426
8.368676
3.446059
10.35423
15.70266
14.24121
14.55668
13.87296
8.819405
14.56499
8.487205
10.98125
11.56443
12.44751
2.634325
6.985086
12.69094
11.41085
9.927789
10.64372
8.228338
12.94441
5.71522
11.12994
10.46505
3.991869
4.408702
11.17681
14.78049
9.756134
8.213916
14.06409
6.650522
9.199384
10.5374
14.54962
12.5602
9.802676
5.239326
5.602905
10.8677
6.296539
9.155232
12.54635
14.72708
11.36018
11.59747
13.3927
3.413531
9.353158
8.296141
9.960662
6.769767
8.03957
11.26056
5.662237
8.810439
10.48762
10.62153
3.0663
9.099853
10.43446
9.771686
12.46412
9.072811
8.895754
5.89252
6.595359
11.57148
13.93346
12.34732
12.33085
7.550515
9.82777
8.759455
4.669713
12.481
10.34853
11.15566
4.914221
6.206668
4.425865
0.2021786
12.95704
14.08017
11.62734
8.622264
6.814355
11.36283
9.182391
14.55117
8.4721
11.32986
9.31315
6.847569
15.70153
12.44712
9.498185
13.84574
14.314
11.23532
7.585833
12.36533
11.38234
12.53023
9.853574
5.969871
12.96232
8.580377
7.667778
3.918005
11.70203
9.327945
7.677023
14.7354
5.70913
15.79928
13.55466
11.02655
14.65059
12.22599
7.666092
13.15978
12.3575
7.340605
11.37842
9.145708
9.022121
7.377664
12.0201
7.274286
9.871989
7.058289
9.514023
5.693358
13.56189
11.18602
6.463638
10.66934
3.931836
7.186775
9.067492
11.12524
8.451574
12.35169
2.121391
10.40272
12.14533
12.13487
8.5649
9.677743
11.8088
10.15339
14.14384
15.70419
11.64236
13.09148
5.351777
15.78473
9.46065
14.70995
11.36724
12.15925
11.46145
8.889426
11.81458
7.382673
12.3641
11.36141
6.448705
12.51047
12.31463
13.35307
12.22233
8.935412
9.817204
8.517834
12.17134
11.32939
16.7091
9.411819
12.59708
4.732883
11.14319
10.60527
2.884438
12.49683
9.065294
18.38528
7.774823
11.16124
10.31222
12.20428
14.4993
15.29836
9.345762
12.54036
13.38935
5.179128
6.262191
8.382401
7.81112
2.450095
8.786269
8.258302
10.70401
14.44069
9.612205
11.33614
16.49046
7.028419
3.894122
9.849715
8.365905
8.817909
9.42185
18.05257
8.449709
7.450011
10.47159
6.386376
6.440212
6.104529
9.320991
10.21216
5.691396
12.9756
11.0009
15.45029
5.791731
10.40648
13.2749
11.62964
10.40709
12.32938
10.85336
6.496862
7.536522
8.690848
8.51369
9.854623
12.05092
10.4185
8.589195
13.02098
9.214942
10.99014
8.246091
11.45066
4.492191
9.931307
6.371076
8.682795
4.939979
8.064569
11.87902
6.278874
11.45997
6.892998
11.27291
11.70877
9.794386
12.23518
5.986659
12.28427
12.44841
12.02313
11.74152
3.647991
18.47716
8.000116
8.361178
7.60581
7.173783
7.485424
13.20098
9.799162
15.10988
9.737754
17.27191
16.50024
9.21893
9.59655
12.45517
10.61783
9.750694
10.73914
9.189408
9.141486
15.80077
11.74976
12.27006
11.51105
12.58517
9.893302
7.035822
8.996744
7.271064
8.505258
4.895901
10.2026
2.102112
11.17328
9.588434
4.527765
14.90349
9.655538
12.21473
6.485979
5.525354
7.089641
8.514751
5.823136
9.262975
13.00509
14.069
11.50445
9.181755
8.748808
7.317173
9.099823
10.56237
6.073069
13.42135
7.253878
8.473932
11.85233
10.81472
8.657299
13.04512
11.11574
8.106503
11.56801
9.685326
13.02302
13.80252
11.40503
13.19783
7.40248
5.30028
12.50778
15.84422
4.710943
6.696212
14.05685
9.534964
10.23234
10.06141
7.788309
13.23149
13.1488
11.33624
5.894289
11.38654
10.60105
12.57746
10.86543
9.83668
9.415557
13.76586
17.8662
12.08059
9.735568
5.133796
10.38017
11.23405
13.05075
13.85574
13.16314
7.774855
9.323286
8.283517
8.029776
11.76378
5.628469
12.92709
7.964676
5.044166
9.422806
10.17334
10.1096
16.19611
11.15671
13.99633
8.414547
11.24397
8.643201
5.491461
11.26243
10.35864
9.934557
11.87557
8.769363
12.42331
5.351468
9.55998
12.7238
9.689192
11.68057
12.93931
6.175579
11.41578
9.558977
5.233589
8.590658
11.59825
13.85696
10.43546
7.676361
13.80085
8.142378
13.48712
7.151679
11.46332
5.306563
8.822402
4.712501
10.16549
14.04491
5.605085
10.16437
3.575266
17.14903
14.07458
10.09506
7.899757
11.12779
10.81688
13.73283
9.316091
17.29909
14.33012
12.23062
8.510996
8.690924
2.547179
8.268744
7.824246
8.141615
8.278402
7.81528
7.609635
7.118247
12.02975
4.182287
5.286323
8.054792
13.449
14.67561
9.150797
14.50612
7.633866
3.594152
8.564465
3.443546
9.727776
8.122454
10.76826
9.133735
14.14868
14.05026
8.2021
6.800746
16.33685
1.904739
11.23921
8.267277
4.708941
9.371289
8.076653
12.59028
10.48408
15.07654
9.576079
9.975747
1.619768
6.379491
10.60521
8.46822
8.973943
8.490515
6.023756
3.934735
10.07093
6.970087
9.746402
8.549036
6.234591
9.321789
9.894453
9.242824
12.63414
12.37364
11.96745
8.741641
13.21352
10.12576
13.7114
14.4256
17.01795
14.36091
7.073968
8.88067
8.561967
10.56734
15.06419
14.61972
10.70226
7.732077
12.25095
6.433214
8.159302
12.3523
10.4902
7.348806
12.3979
13.33147
8.821577
8.879539
8.210299
9.170011
10.92327
7.771108
14.18239
5.575563
12.33434
10.47884
13.55514
11.29332
10.36374
10.83399
12.94217
8.881459
11.64775
7.809422
10.22053
7.909099
12.17234
13.08502
11.58257
10.6958
3.495966
4.540335
8.83877
7.299396
10.00178
10.18917
10.56381
11.5886
11.24257
9.640903
11.21187
12.40607
4.923242
3.363304
7.267111
13.48419
11.06707
6.749767
10.83211
12.06129
12.42711
6.206872
16.15263
13.03712
10.35215
7.859931
11.66322
11.77792
12.33335
8.517504
6.738052
8.390098
9.8688
7.768525
13.74759
10.23687
4.387714
9.931556
10.96039
10.24313
9.093424
10.08886
10.08568
12.23536
4.016539
16.35423
10.14325
14.02665
8.439006
5.259078
14.21465
8.963324
7.924744
8.796757
5.845124
8.340654
7.800419
10.76813
6.485788
11.70201
11.78246
8.859107
14.46128
13.19128
7.834529
13.08783
5.622915
5.971368
8.272425
12.98728
10.0833
9.264893
5.496258
6.896883
11.67822
11.90837
9.70127
7.660782
14.47196
16.46365
8.64906
13.48063
10.43245
12.31914
13.97172
14.47585
5.938846
9.817243
4.703012
11.6535
9.406448
5.448282
5.715755
11.39216
8.867903
14.66141
5.354829
10.36618
7.389295
13.56314
8.044519
14.00052
16.44687
8.99724
9.200328
8.932684
10.08696
10.22067
11.80477
7.349976
12.23139
3.905509
9.639699
12.255
14.34969
15.55119
8.506789
13.17658
16.2246
13.81641
19.58659
11.41651
11.68777
7.081663
7.671952
6.402305
7.131528
11.55865
12.45147
6.061387
17.48607
8.111682
11.75818
7.44509
9.7262
10.87538
9.402983
13.20878
9.070305
10.78726
10.86401
12.3281
5.741873
8.478506
12.91416
5.814492
7.794449
7.473263
10.47235
11.92082
13.69475
9.355844
13.00549
9.194214
12.98854
10.59938
10.55469
11.717
5.209792
9.124464
17.36874
11.77594
7.89994
12.97249
16.43771
12.37859
10.75783
12.46793
4.193403
7.218671
12.62218
7.096785
11.16463
8.68332
12.32193
3.984846
10.71461
8.752282
10.37454
10.33516
14.04534
10.09227
10.0477
13.68972
14.16648
7.602978
11.20665
8.862912
10.28368
20.28312
6.996297
7.413089
7.895389
13.50326
12.31662
7.594351
7.924123
10.87792
6.926484
11.70413
6.112469
5.585992
15.4712
11.20966
9.877521
11.97077
5.7368
14.56085
9.302866
9.40034
7.140948
12.67855
8.00123
15.14551
10.65042
14.29859
6.199006
12.43182
11.61082
10.26046
7.045008
9.692179
9.636203
1.759221
9.211204
11.764
9.115868
10.6097
7.449159
9.546408
8.887616
9.329529
12.24877
8.868213
9.381799
11.8657
4.647863
10.4804
12.68638
8.246281
10.76068
7.260467
13.99573
12.82375
7.309014
16.25993
8.29655
10.3818
10.20983
5.483485
8.431601
4.124808
3.524275
10.77028
14.16954
7.446082
9.931049
12.15183
11.49743
12.98551
8.643892
11.11395
6.409168
11.23568
9.364472
9.353443
18.4717
16.68211
9.099917
12.61823
9.87737
6.521475
8.432837
11.08641
7.026139
11.13712
6.595481
13.77188
9.350076
13.37201
15.23477
11.33106
9.40198
9.169404
14.70194
15.97487
10.35445
11.66728
4.699708
12.22416
12.04982
10.00244
12.40805
12.42786
11.59642
11.97337
7.998786
14.95669
10.52877
12.23174
11.06828
12.44368
4.0976
6.930279
8.509876
8.174363
11.2834
17.04937
10.03008
9.710572
6.551988
9.018154
14.763
9.74371
14.37265
7.697712
18.45714
7.102609
8.394752
10.12265
7.531125
7.122635
8.78629
15.26346
8.344711
3.873202
12.28511
7.384233
13.26515
8.271089
13.8003
11.26304
6.510653
6.304939
9.291105
8.991694
6.959287
11.90177
7.116309
12.44036
5.236098
3.398348
12.0312
8.331691
9.484099
11.32493
7.537834
16.34076
8.967186
11.0343
10.39284
16.6905
9.922529
14.81172
7.103258
6.729683
11.78655
6.678178
9.519523
12.00105
7.023516
11.70745
10.11112
13.21245
11.11356
14.13788
8.828039
8.167455
10.34671
11.1556
10.83412
8.661636
7.864071
10.87246
11.61545
12.03863
16.05905
12.63953
12.16538
4.330904
8.457373
17.31331
5.097182
15.88154
8.955468
13.33386
10.79907
12.38109
10.41629
10.04119
6.343613
12.69422
7.921223
7.136784
11.26419
7.403092
6.744725
7.562834
6.121633
9.83242
1.283527
12.73413
12.22919
12.13645
6.36027
10.1364
3.72079
14.01112
14.33627
6.168209
8.308102
6.05679
6.646047
11.64261
11.99155
6.220241
15.72239
11.56278
14.36481
13.27095
8.931641
14.57692
11.04055
10.0468
7.458752
10.56191
11.04471
12.56036
0.05162832
12.08537
5.265794
10.58855
12.40328
8.115764
13.06073
8.675733
5.951304
12.58959
15.4494
7.313245
5.61613
5.434591
11.29457
7.954756
7.666104
11.14006
12.2902
14.82046
10.70815
8.550162
12.26076
8.835009
10.00072
5.652559
12.27778
7.829977
7.955646
10.63676
16.63104
16.43663
10.23096
10.5739
10.16788
7.546259
10.44229
6.70408
9.187287
12.82733
4.287238
13.07737
10.01407
2.636544
8.605502
8.288861
8.127293
7.616445
8.790815
12.49388
10.40102
13.46734
12.91149
9.115496
13.62246
6.332729
6.725562
8.045788
3.796657
8.605206
10.66705
9.23645
9.133661
10.96091
7.589695
8.777331
10.04572
7.125376
10.85658
8.53861
12.41648
13.37372
11.52102
10.80336
12.42399
17.42824
6.182283
5.196001
10.21843
8.425156
11.59909
9.835149
7.10074
5.454962
11.45627
7.605933
15.59698
13.55239
10.39577
7.593821
11.11118
8.074994
14.61519
6.214226
8.113612
14.55502
13.01488
11.9258
7.835977
7.240605
10.8207
14.93175
10.28942
10.64798
3.440614
8.883362
10.10425
7.70331
7.732789
11.00138
4.626533
14.21714
11.13103
14.70977
10.52591
5.850523
7.254435
18.17428
4.778076
10.84969
13.94533
1.573262
11.88718
3.451369
12.81194
6.762115
13.39485
9.013594
3.887819
10.51159
13.66286
11.19247
9.272625
6.219952
9.738493
16.98058
15.28229
11.08112
6.890699
6.59051
11.8154
9.679425
6.004993
9.121784
7.732469
7.65869
8.76286
11.77217
5.818597
6.987177
9.213064
4.257129
9.862666
8.992746
8.427065
10.51696
9.534129
8.00012
10.02449
3.636036
7.66392
8.556186
9.798751
7.688774
6.862519
11.78381
7.796071
13.70146
5.802559
11.48131
12.93474
7.351892
12.38106
8.979619
8.230155
9.34347
11.11502
12.21177
10.25564
10.31151
4.042962
14.37161
11.79914
6.11826
10.10508
7.342717
12.01114
11.93563
6.024959
12.0538
15.80607
7.019026
12.20129
7.771271
8.354143
15.03835
7.079452
15.26823
17.52339
10.68429
7.336488
11.32424
7.173096
10.94334
13.75842
15.0817
7.233673
10.18978
9.188077
6.753698
12.24789
10.16924
13.37358
11.51084
12.92213
12.30832
7.89696
9.788609
6.120771
12.39967
6.234264
11.91315
11.38285
10.80503
15.38117
5.399702
12.9448
10.73667
10.30678
11.64776
8.259699
9.159314
9.644149
10.93535
6.561865
12.00056
7.191644
10.56582
8.062131
16.18166
12.51441
10.22968
16.14691
7.113148
10.94261
12.96174
7.339316
9.994001
9.165914
4.244212
8.428451
8.549456
11.45862
11.79468
6.991272
14.95606
16.56195
12.66273
10.09797
16.69731
14.01375
14.89459
7.199354
4.032193
6.953087
8.02381
12.8464
10.96835
15.77571
10.33074
11.97505
14.59168
5.699795
8.387951
8.806125
3.821746
11.02615
5.285437
12.33858
10.95834
10.00141
9.584341
5.187829
5.684046
13.03151
9.343384
12.51619
10.41828
9.398346
13.29774
10.45028
10.4646
6.96418
9.199871
3.104569
12.92658
1.968049
10.22899
12.73975
15.38533
7.444692
0.1317182
11.46402
8.334465
15.31388
13.85177
11.86953
13.66948
11.91494
11.41466
3.791013
12.84736
10.22846
9.406966
8.440614
11.23326
10.09972
9.358705
10.40865
9.147088
12.17843
13.52209
8.590313
12.67607
8.754758
14.37784
8.556737
10.08069
13.21539
6.166594
9.325777
7.131254
8.73917
11.21176
4.550518
9.782605
11.61253
11.75576
11.08798
10.31787
13.89242
7.98403
8.44553
9.685474
9.422661
8.431397
11.98007
5.183533
7.469888
8.864437
9.864462
14.62994
7.439021
9.631809
11.33866
8.797181
13.48969
6.28508
9.400714
7.586628
16.38161
12.2201
13.25849
13.56648
7.774886
9.819211
9.79649
8.631029
9.256603
9.190931
10.78717
9.801394
9.128551
9.696417
4.984714
12.39567
11.34659
12.01228
14.84686
9.594737
7.605491
10.68957
13.62146
8.409003
13.82262
5.5279
14.2629
6.704351
8.112016
14.54499
8.814446
16.01519
13.7074
9.661383
5.207842
5.622593
15.38674
10.4939
9.22611
14.66737
7.63158
10.06231
10.17633
10.06054
13.34593
9.652689
8.926596
10.70805
6.69461
7.068417
8.92722
8.873329
6.711884
10.01523
14.39356
18.26124
4.744058
14.32644
6.870377
12.57542
11.11106
5.6459
5.14576
5.740579
12.04989
10.11818
10.95548
8.795699
11.63647
8.762974
10.05494
9.059192
13.52755
11.59589
8.970515
10.26855
14.54034
7.496089
10.54713
4.058129
5.099663
10.53609
6.025959
8.742913
11.54091
14.68007
11.59948
14.45614
5.816861
10.33862
12.57771
7.746145
13.53159
9.369886
8.246873
5.390136
15.46591
9.459872
8.093877
6.449359
5.785799
6.384167
9.004379
7.199919
8.840149
12.00355
7.289024
13.16336
7.392389
6.693463
11.06374
11.28366
9.520073
16.765
14.90958
7.961422
10.81499
6.867646
5.92925
7.058761
10.99945
9.101519
10.26205
10.19526
8.564295
17.89373
7.904895
15.1205
10.54911
3.77595
14.36212
13.56124
6.945394
11.12856
11.23432
15.78207
11.30605
13.6396
8.666146
17.39236
5.419253
13.82644
7.746284
11.18815
4.832448
8.32834
12.40582
3.529463
10.67268
10.1448
8.535536
8.088036
10.06485
9.385001
4.655074
9.822128
8.90862
11.34779
12.95786
10.64523
9.953674
13.04024
9.544669
13.87357
6.432155
7.190747
8.334405
11.27907
15.22068
7.835459
9.160059
7.340179
8.576988
12.1786
6.889873
13.23582
13.15136
11.76219
11.46668
11.69217
12.71567
10.16858
8.972296
13.23143
13.51362
11.75273
4.329887
3.134466
9.247752
9.079714
7.909529
6.906273
16.41979
1.77191
7.581172
9.617759
9.448917
8.804842
7.998002
13.28194
10.56317
12.66823
15.67242
8.877125
13.69913
12.5883
7.794006
10.07059
7.939883
12.83801
4.304525
6.766349
16.39411
7.463794
13.98828
10.28493
17.67861
12.57548
4.297757
5.052167
13.14261
12.48898
7.042181
7.227035
10.37384
9.354818
8.835931
9.078581
12.76689
9.879051
11.47088
3.539049
10.2352
8.976899
13.42256
10.09039
12.54136
8.301273
8.265437
11.16926
9.07537
10.18804
6.776411
6.271187
10.88228
13.3109
7.013933
6.768397
12.74914
11.12686
6.116559
10.14808
8.880516
8.582416
9.374797
11.98339
11.71753
6.789034
8.758235
13.75289
11.73745
8.01586
11.1624
12.33037
14.88405
12.26979
14.60619
12.9724
10.18561
9.111477
5.46978
12.66948
15.42367
8.913304
5.341951
13.75639
6.057945
14.02577
14.5784
12.403
12.72527
18.22193
7.206263
6.369722
10.98602
11.02152
9.136364
5.992037
10.21425
17.33554
15.54272
14.91336
12.10726
9.787323
8.173003
8.133104
5.336945
16.23745
18.64625
9.153762
3.7509
11.9809
12.31371
9.588346
9.791106
11.75361
10.87181
15.55274
14.81837
17.1374
10.33271
10.62364
13.16595
13.41898
7.286696
4.173085
11.615
11.12503
8.227069
9.018757
13.49579
4.92221
11.44616
10.79184
10.64658
6.085549
16.20643
9.403427
10.393
9.558234
17.32042
9.236596
16.52177
7.293946
9.96335
7.656026
15.48391
12.8034
12.29204
7.8121
4.08168
12.28477
10.74135
13.62284
8.018466
4.23093
9.677763
10.71133
15.64472
15.01372
15.45883
11.31322
8.006112
4.66812
8.091152
9.187197
6.543875
10.78956
11.00482
9.320063
9.894218
11.41756
10.16726
11.30535
9.316791
6.245144
11.47971
7.686746
13.80996
13.87281
11.12237
11.03066
9.983912
8.244136
11.64799
12.18938
12.51491
12.33734
9.928517
7.49403
3.609269
12.37782
8.981136
9.118282
10.87934
8.115644
11.86785
13.8159
12.50352
11.15528
8.497166
9.640679
8.687593
7.959877
5.571092
10.2153
15.70727
15.31888
12.19205
10.01581
9.018498
10.32124
12.19411
12.55392
9.180957
12.03758
5.448189
6.512428
10.67768
7.765955
8.724397
9.341953
4.520603
10.37267
10.34402
9.883652
11.91824
7.6846
9.535149
3.802363
7.546774
6.393756
6.81429
16.97113
10.73332
10.89006
11.02301
9.704562
12.01133
6.867525
10.16598
7.238576
7.758051
13.75173
11.75933
13.68595
11.11142
12.68486
12.70687
7.868284
11.46585
10.19579
7.969344
8.732399
7.728508
11.48034
11.08407
10.40892
11.86256
8.955617
3.764849
7.577393
12.44874
7.92608
9.695921
11.92228
7.684173
7.555405
5.24231
12.61808
9.737617
5.019565
10.84946
5.473739
11.30742
11.73745
6.191408
10.39405
11.50607
6.328306
8.085573
8.43047
10.97748
8.371991
14.48636
7.161454
4.24384
9.101038
14.11276
12.60016
7.100353
11.44544
12.31386
8.305137
10.46928
11.85821
6.18503
10.08869
9.727866
9.582131
7.609459
14.17739
11.35123
6.085438
11.58294
7.403785
12.88586
4.59794
4.667422
7.425916
7.032393
11.0594
11.59982
4.881122
11.02499
7.918497
8.362238
12.0549
6.220474
7.761979
13.90641
10.32334
8.699629
8.59992
9.1806
14.08447
14.18207
8.701492
11.2726
6.595594
11.11082
10.53818
9.892649
9.288522
11.05048
11.64673
8.935663
7.851726
8.592515
8.639301
16.36683
10.89358
9.830406
10.31151
13.31976
3.471204
11.13455
13.23995
10.69201
9.805731
10.83747
10.38125
10.25115
8.539823
7.312233
13.84849
9.776101
10.37746
5.005624
11.77757
9.242792
5.261425
8.437403
13.05934
9.191112
7.407422
5.835004
6.325393
12.47042
6.776384
8.620479
14.2852
12.33507
11.77958
12.40069
8.349138
6.10506
4.706319
4.074386
4.401432
13.214
10.29879
11.84495
12.51562
8.212719
8.985053
8.196068
8.509922
9.383103
12.20839
7.076186
6.966559
5.566522
6.337374
8.021374
9.360713
9.398501
9.257407
11.22628
9.42004
9.814689
10.87095
10.19141
7.273085
7.81586
10.91656
9.250702
6.374178
8.12057
8.129821
10.7252
12.59878
7.621065
10.49974
7.463518
9.17897
7.865286
6.922548
9.278511
13.88238
7.515855
9.167925
11.01324
11.29925
5.112289
11.84097
7.190714
10.61836
5.601431
8.984886
8.354634
13.111
15.47355
11.97364
14.1599
11.7143
7.980382
9.201618
11.26597
9.371301
8.360316
14.88928
16.95687
5.92136
7.086495
13.04345
11.95733
9.835554
9.211987
15.93413
13.44948
10.7296
8.632388
5.752377
8.287315
6.325532
5.501169
8.947978
14.09607
0.9852647
10.46795
7.389348
2.51138
7.42109
13.09745
10.52938
13.52537
9.94001
7.420352
8.043673
8.27272
9.703309
13.14793
9.87776
8.139794
9.508229
7.410375
13.38499
12.85523
7.619635
9.839438
9.846948
8.86508
11.65835
9.207678
6.071744
10.21659
13.19253
10.38399
9.588373
12.70237
7.822895
13.135
14.04589
9.187751
11.54459
12.13598
10.39514
13.09991
4.866978
12.68648
16.57569
9.322436
8.939833
11.44955
7.13442
15.23845
12.25925
11.06367
14.36485
8.210606
7.193861
10.61232
8.827117
4.403152
8.824096
10.45931
11.26434
8.492467
8.038029
7.564838
8.760483
13.41037
15.99996
10.59403
5.154195
8.189467
11.55287
13.88447
10.28431
10.54135
5.489532
16.69493
8.072192
11.56954
16.58219
7.289983
11.5412
6.73521
6.570487
6.94306
10.93576
15.12215
8.630076
8.046847
7.40801
18.11549
2.961924
5.731772
3.457298
14.61009
12.2198
2.276459
3.571746
8.45454
9.668829
6.250482
12.49702
8.255408
9.318723
10.50652
5.321198
9.398936
9.433838
8.601044
11.74773
7.281497
7.463537
12.09727
9.598305
16.71144
10.79672
18.17834
11.88042
13.04127
11.18774
11.93192
6.912787
15.17205
6.711338
10.27833
4.70393
11.60725
9.472986
12.81362
5.879806
10.61074
8.704094
12.39585
10.54688
10.55303
11.10193
5.813658
8.423591
5.886027
6.226007
7.267479
13.98539
16.31212
5.475225
14.26567
10.07512
12.82485
3.190325
11.25667
9.818698
8.192638
8.525007
4.883916
15.53291
10.04973
11.03058
13.87261
15.26182
5.812791
5.183885
15.17117
10.5789
16.26258
11.59515
7.785197
14.0502
11.15265
11.33332
10.37916
10.61275
8.066717
9.010403
9.444205
12.57074
8.909677
12.65931
11.85899
7.597802
13.43893
12.75636
10.53479
5.327905
11.36846
14.26524
10.495
9.374993
9.501133
10.8261
8.395992
16.66308
11.14916
5.079766
9.856031
9.17498
5.363073
10.26698
11.22266
7.963924
10.26763
10.89598
7.784046
5.28808
5.528324
11.6861
6.935966
11.41001
6.847971
6.981451
8.211425
9.440706
10.03513
10.01956
8.42089
10.3804
13.9689
6.366378
10.23871
10.26529
11.57463
15.62709
10.21741
11.07746
11.98612
13.6808
15.20355
9.559059
9.093645
14.44466
10.93328
3.002965
8.68894
7.954863
7.547923
7.801887
3.4434
14.64089
11.04393
7.108588
8.535735
8.155836
11.70262
7.070448
8.423516
6.837892
5.49585
7.632687
14.16616
11.98654
8.984229
5.612258
8.53769
9.24574
8.309455
8.983419
15.3783
9.000255
1.126044
8.8426
7.994435
10.38951
13.92225
10.95315
9.523736
4.224726
12.45561
10.56579
8.950073
6.326318
7.202539
12.5343
14.4974
9.324198
7.63792
9.123404
16.92502
7.19104
11.13385
10.66283
10.53545
6.900529
8.0902
13.26197
10.04405
5.046336
9.780807
15.77698
8.929183
5.297393
15.79824
9.111674
8.282881
10.68293
9.246655
7.489151
11.63051
10.9149
9.591668
11.69266
16.91571
8.785888
9.23068
16.85998
9.123889
6.849359
8.385845
12.15739
13.601
11.92168
7.754119
13.01663
15.24689
10.99546
7.119516
11.75205
8.527635
7.226508
13.02541
13.03887
8.604077
6.190507
14.17197
0.918153
4.420157
13.05487
14.7329
8.847092
12.58458
9.171388
4.526683
7.13411
10.39842
9.254465
9.579501
15.10188
7.431182
7.614168
8.221028
12.07442
10.87647
7.324768
8.757479
11.038
10.85732
12.29549
5.320605
12.67544
7.091003
9.176582
11.70326
8.521789
7.94441
11.40971
9.43592
11.6668
10.52012
12.34661
11.35439
7.534396
8.818316
13.81521
10.28005
11.03726
16.82515
1.180502
5.160026
12.33727
9.61425
10.40621
13.84835
10.36729
10.83678
9.261738
14.4977
5.775545
8.023753
13.81628
11.03545
7.402566
4.845332
9.97968
13.6445
11.14854
11.46567
7.286268
6.388722
10.02929
10.17323
11.33035
10.9121
9.147759
9.050527
10.35722
6.295796
12.56139
10.50743
15.38383
11.02475
13.55532
13.18998
9.59543
9.362114
10.9266
6.584946
6.232988
5.771557
9.392451
7.495865
8.116143
14.91546
7.053343
11.011
14.82869
6.385397
11.68036
8.52153
1.997749
12.14669
3.944259
7.998361
10.43957
5.657896
10.82047
8.448117
8.854264
16.84797
13.38085
10.00681
13.02761
7.733388
9.501204
12.25977
9.854279
7.010542
10.29843
15.94332
10.64383
11.86424
12.08139
6.710892
11.6833
9.727532
9.222802
6.299034
11.78094
14.24568
4.846249
14.76451
12.51026
5.922758
9.89733
6.273809
4.948869
9.050772
10.8349
6.020112
4.463619
14.05179
6.301045
8.689999
12.77695
14.91574
17.13329
6.491877
11.91534
13.0284
11.83091
7.5419
5.516036
7.460966
5.631717
8.336915
7.318951
6.752131
9.583162
1.362697
16.14726
10.77744
6.612709
11.37903
8.577211
12.30312
11.65854
9.15792
7.410445
8.089768
12.24576
8.873895
12.72737
11.91148
11.37399
10.51592
4.602031
10.50895
7.528016
9.91211
13.72828
9.240618
8.148137
10.84209
7.459845
10.57443
4.157082
7.220559
13.61165
1.676705
2.035112
10.36976
3.685244
11.73618
11.06873
6.410671
7.700682
5.193951
10.82464
11.47181
2.50211
12.04764
14.29973
10.555
7.485338
10.1671
7.726961
15.09604
8.763539
14.53257
8.085408
5.25485
6.18805
5.998739
7.921012
12.48268
11.88307
12.56864
8.076904
11.1597
9.102046
13.24527
6.798646
10.83461
16.20132
9.640429
7.585697
8.339214
12.28155
10.03554
7.900521
11.40243
10.18456
14.50005
12.95412
13.71126
9.949094
11.42861
9.721719
13.72935
11.16527
14.53127
12.71852
11.20818
8.837274
10.81458
9.896843
12.16514
5.711333
14.29984
11.49293
11.93218
6.982259
6.945891
8.723269
11.3696
14.4021
9.070143
11.89478
10.33977
12.4583
9.465334
7.908962
7.584531
5.924373
13.54496
9.801401
9.692652
7.931344
4.914595
15.1414
12.30683
11.72996
12.64257
13.4781
10.97426
15.70205
8.408628
8.912449
11.36429
10.7286
8.312952
12.07597
11.08316
9.16509
9.544439
9.234236
13.7794
10.47999
7.951775
12.03179
12.52068
11.63088
12.5144
12.75338
16.36931
9.367082
8.979624
9.686285
9.134818
9.552464
4.531406
8.639578
9.722665
7.749814
5.671103
7.17181
8.473141
14.68142
6.386632
11.68989
8.629567
7.805181
8.552093
5.470785
14.89911
9.314872
8.730904
7.041751
12.6173
5.452581
12.75174
5.109264
6.902061
8.672936
6.347003
8.125165
8.010965
11.09863
18.01129
10.80376
14.39495
9.40989
11.22313
4.645399
8.568726
9.452944
8.666869
11.30005
8.56916
12.12819
11.46379
15.58374
9.943175
17.74605
14.15442
12.11389
10.03569
12.95971
14.1227
11.07707
8.228428
12.06979
15.87975
8.450964
15.32409
11.71706
9.806829
9.265574
11.98538
13.12438
15.85022
11.13821
18.80383
7.126531
4.458653
12.69022
10.83177
10.56609
8.772161
13.24298
6.724913
11.22396
13.60901
10.81531
9.148622
7.880659
12.05952
9.533315
8.643465
15.67145
12.10969
13.26031
9.623443
13.87967
10.68838
12.95068
12.3748
11.08039
17.19658
6.090419
11.03096
14.30215
8.178233
10.94387
9.179172
8.692533
8.8114
9.160753
10.96233
9.571531
10.95748
8.331446
12.23714
12.64621
14.17769
12.10115
13.37185
6.60115
12.32886
7.295145
10.31236
12.26041
10.25173
12.93168
2.603138
12.18241
14.74988
8.334666
11.68496
11.63244
16.63525
8.685767
11.99683
12.7998
9.350508
11.75758
8.604221
9.894882
9.406802
6.375445
2.285301
3.386784
8.226238
8.897364
10.71408
10.00734
6.856597
13.38166
10.48743
6.009081
9.252903
9.166912
11.22093
11.4121
8.305412
4.980992
15.34431
12.1579
12.77864
7.602856
11.773
9.531711
8.911151
7.608147
8.158921
14.34453
10.66935
11.26686
13.70635
13.99061
6.616265
9.013755
9.224929
12.19714
13.69391
14.73819
7.20568
15.52218
9.269749
12.00821
7.158044
11.77942
7.368763
11.45986
6.386044
11.40319
10.84829
6.196677
9.101465
7.121348
9.384238
7.988317
10.93793
13.9222
10.92658
9.361386
10.27435
13.06888
4.088038
13.19109
4.866282
13.65027
11.18521
6.740607
13.99312
9.357847
11.62517
14.23396
11.19534
7.547997
9.000773
6.842973
8.916083
6.518956
10.18779
8.615249
10.38665
5.325044
12.3842
10.92151
12.69618
13.82608
9.053322
4.434789
10.95797
11.16067
9.411292
19.82498
12.27081
11.56456
7.139029
10.86567
8.140487
10.99667
12.28889
6.4148
12.12723
12.16466
9.266188
6.052739
13.17203
7.899895
10.8161
10.65534
8.457445
8.126864
8.681003
7.357465
13.39719
6.658841
12.80013
13.90635
11.9759
6.231975
15.87054
4.889817
10.31686
7.610484
12.14882
9.297979
6.577178
7.571815
6.077443
11.41443
7.16411
9.634272
8.818555
6.476561
10.14804
6.520599
12.00234
7.926168
9.244009
9.997857
10.40936
12.52409
9.485897
13.66026
6.537165
8.218644
9.216443
11.05015
8.242702
6.025271
5.930811
12.64105
11.82915
9.226622
13.40702
9.142489
8.57536
10.50387
10.33933
5.502897
10.44401
13.09773
7.524147
6.37691
9.638172
13.40032
15.84428
10.59658
12.4729
4.35318
8.310054
9.504711
12.56744
15.86604
8.892415
10.85842
10.43084
12.44704
9.93782
9.080697
12.84029
6.079129
10.28186
15.82783
6.171587
8.722789
9.440325
11.97977
11.06289
9.016451
6.381649
8.546355
7.352578
13.76711
13.12564
9.539989
6.232485
12.76184
6.130871
13.40027
10.61083
6.772436
9.326811
12.38524
9.706482
10.3999
5.01726
10.26373
10.3355
7.122836
9.693516
3.862471
9.212638
7.387346
11.18952
2.452917
7.66258
11.22715
13.42937
5.88896
8.803395
11.45868
13.04191
10.15981
13.45806
11.11027
10.52977
5.340818
7.814709
12.55539
8.163461
15.41327
9.871691
6.575027
10.12001
12.85994
8.751122
8.338627
12.22602
12.16992
8.632359
6.378069
1.558089
9.660829
8.172484
6.912056
8.819116
14.10744
10.10323
13.30128
7.001603
10.42043
6.261478
10.89155
14.49627
12.61336
5.679606
13.27838
17.21327
13.04085
14.94543
12.37686
7.487751
7.275495
8.981849
13.87625
10.0822
10.39918
12.1841
10.43262
12.33797
8.491461
8.089761
12.42122
8.368758
4.383246
12.84033
10.73275
13.64847
8.286253
9.488383
9.010606
10.49893
9.943319
10.9737
16.37712
16.28381
8.374539
11.5384
6.263594
10.20183
7.650989
8.380484
12.63299
8.499492
16.07279
12.70665
13.6644
11.67674
8.704246
8.818599
13.10145
10.8071
8.666449
9.37914
9.510538
12.77898
10.8309
7.548146
9.147351
8.869465
5.803143
8.059455
7.196929
10.97309
8.635579
9.745907
7.916005
9.159308
10.51891
9.595082
13.52114
7.216086
2.779177
7.233825
9.777966
6.715101
11.91798
9.410842
12.82774
7.456265
8.7627
8.011084
11.57191
8.402822
13.76885
9.966382
10.15476
14.37477
8.400892
8.921581
8.311912
6.344088
8.308555
8.446965
10.18522
16.06784
9.876001
7.268006
12.10916
9.790646
10.97252
13.16028
14.70982
14.89197
5.578549
7.97768
3.905724
8.69836
13.98376
10.78447
7.702037
9.054829
11.56937
10.45237
11.14245
8.887537
15.91725
9.858278
8.925646
11.19509
5.460238
6.369978
12.9645
11.13732
11.53779
9.592453
9.784502
7.159277
9.288851
10.73108
4.824748
10.47969
6.840959
13.28155
10.33375
3.976738
11.1075
12.34188
5.209502
13.98632
12.86481
7.705822
10.7738
17.33263
10.43178
12.72763
8.931365
12.61174
8.043251
14.06806
7.931024
14.13724
10.05638
10.34409
6.333144
9.430519
6.884251
9.96199
11.61878
6.527516
7.55492
7.333471
9.902537
10.26005
10.88077
16.14874
9.812341
4.975154
11.46919
10.29299
9.006798
9.593591
12.88307
11.61171
1.933544
6.330167
10.69423
10.70542
12.30456
13.92561
11.40644
5.306714
11.3416
9.029562
15.35993
9.454344
11.12079
10.08235
8.84992
14.40775
13.64492
3.307985
6.105783
7.029752
15.50881
15.32912
12.90231
6.18847
11.96489
8.875249
3.35898
6.29753
9.7548
13.41939
11.38916
12.07011
12.12802
5.816315
13.2189
13.10311
8.004598
6.27051
10.89519
7.455688
12.13269
9.582094
5.8474
6.976625
11.6515
4.713347
14.32141
12.3942
8.809712
4.42038
12.02134
8.174914
11.9619
9.476832
10.68615
6.034049
12.56019
8.97344
14.24822
10.04296
9.551478
9.236793
7.060718
5.271033
3.993585
7.183542
10.83157
6.93897
11.8044
10.31456
10.79318
7.956831
8.043936
16.63233
13.64086
4.800167
7.740175
6.213075
13.45661
8.399878
8.889935
14.95647
12.88545
9.621939
9.94769
14.12979
11.55384
12.24685
10.64985
9.159423
12.32676
12.36778
11.68907
5.727769
12.62473
10.81282
11.73283
7.10274
9.962205
12.05112
8.806829
7.010556
7.787139
12.19946
8.140648
11.87151
7.591609
12.25899
12.8406
7.158764
8.071129
13.97643
15.38777
7.734813
12.13838
8.870169
8.97983
7.286817
11.01805
12.65495
11.69903
9.656314
12.61343
9.520279
5.613652
9.324992
13.36357
11.12147
14.73729
9.652295
11.65395
5.412181
14.80082
14.39752
16.09011
9.029251
7.94609
11.23404
12.5537
7.243576
8.144271
10.17984
9.528442
8.011134
9.273682
7.290839
7.885908
12.93995
11.97482
7.208591
13.52265
13.19429
10.85743
10.38697
6.986845
9.360672
14.5083
4.984906
6.78939
7.882599
9.1677
11.11324
7.565241
5.175561
9.602667
10.0459
10.26061
9.849807
9.005579
10.41429
7.629695
13.39548
9.169678
12.78826
10.1455
6.286613
12.98175
7.766477
9.054701
6.996755
7.642543
15.47504
9.748591
13.39641
14.53202
11.46049
10.73903
6.661755
8.208607
17.02925
7.745425
4.673648
13.76052
9.727537
11.37012
7.114527
14.669
8.999313
1.878051
11.22565
9.419265
6.445753
6.082213
9.8359
12.90381
11.40325
13.08925
14.6893
6.873182
11.96214
5.020102
13.09033
9.829826
14.48442
9.980028
6.927524
11.82611
9.299703
7.254153
10.108
9.385477
8.889016
7.73351
7.351819
9.896236
12.29266
5.315221
15.75076
10.69349
5.403752
7.50902
7.880931
8.215347
13.62998
15.18195
12.93986
10.4762
6.885372
7.382843
12.74805
15.00579
8.175828
10.80028
12.28457
10.71158
14.03789
7.968629
8.830902
11.09454
11.01193
5.068198
10.4934
16.82165
13.04899
9.946834
7.499115
9.621148
9.111115
10.51386
9.923266
13.39453
12.88134
7.551357
13.45357
15.75657
8.882407
12.0699
10.58208
6.292283
8.748444
9.056612
4.404365
13.17005
8.098385
8.009363
6.980413
11.65812
7.321575
14.23827
8.015442
8.590757
12.83096
11.65915
10.19369
13.57534
11.24189
13.08952
10.26802
11.57825
11.85534
9.301338
11.94587
8.870144
4.559366
15.20493
10.9851
8.215862
18.733
7.168639
7.438154
12.90792
11.99746
11.93989
5.585659
8.216034
12.7564
12.55162
4.932057
6.960581
6.96195
12.62821
11.18917
2.975252
12.14218
8.738498
9.551281
7.558579
8.511414
8.17936
10.23134
13.59129
7.618124
6.475751
13.61378
6.73584
9.635261
12.30275
13.88739
14.11253
13.25399
13.05397
7.586723
11.87857
13.29579
16.44449
13.18924
18.46855
14.59649
11.46144
9.063188
7.748189
7.981882
12.34446
13.72575
11.20684
11.39796
13.32565
8.799249
7.717243
7.907477
8.873937
8.25611
8.767274
11.70146
10.76386
9.667786
10.92905
10.32886
10.62992
9.795366
10.19051
14.52987
10.22897
8.476155
11.59029
10.82097
11.97205
5.50582
11.74324
4.86746
9.465037
10.30171
11.31532
9.354975
9.004015
10.02556
6.725938
4.891561
13.83093
10.95883
6.732947
8.82566
11.74211
13.63785
9.250445
15.57803
12.90876
8.910102
9.709514
8.595747
9.239231
5.850421
10.69745
10.82722
10.61714
10.62476
7.511712
6.124734
16.39649
9.035307
6.446046
7.131913
12.85515
5.513654
12.18001
9.646403
12.03598
10.281
5.981612
9.63115
12.52693
13.30766
8.434414
10.0755
13.24604
4.311007
9.466419
4.154658
6.180213
11.44853
11.44636
7.76867
8.9187
8.881954
7.783543
7.428395
7.075133
11.00358
12.88192
10.90534
9.489966
10.92737
9.500213
9.943487
8.304578
6.145905
7.737494
11.95519
11.17521
5.939001
8.641809
9.338271
8.930472
13.40119
7.835886
8.61993
8.895416
8.122571
7.394737
10.19562
17.8545
5.839272
14.13463
15.36975
7.207214
8.104582
10.42286
8.796147
14.07708
7.744176
11.62963
14.18048
3.578868
13.40431
13.54674
7.49913
11.89309
9.271652
12.08596
10.62037
4.060439
12.5558
5.24986
11.05591
5.351255
6.485156
4.855774
10.59298
15.45802
9.862095
14.90801
10.62375
9.124277
11.59109
10.53835
9.251629
7.113122
9.826406
14.69241
4.459308
8.754135
2.749545
10.51417
12.49265
9.522294
12.82836
12.75794
3.963295
15.70097
9.082434
13.85909
10.72861
9.289611
12.92456
13.33817
7.78048
12.60312
8.758663
9.640967
8.012405
11.18618
10.37652
9.854813
6.627442
11.92075
11.08138
8.310185
12.73594
8.110329
14.87583
9.591492
10.80482
11.78515
10.45043
4.842202
12.03636
13.73743
8.410008
8.074295
15.76355
10.14154
10.97434
1.163249
9.603177
11.43694
13.01298
8.90645
9.873412
7.101813
13.21992
8.322629
9.592416
12.96561
14.17571
7.764595
8.390027
9.896869
10.1919
9.283939
15.06753
6.769114
12.44769
12.06272
7.953733
10.68549
11.8752
9.716432
11.65878
8.395034
9.728542
8.866219
11.56127
10.81429
8.245722
15.3045
10.42146
11.4795
8.701556
8.715566
8.545493
7.600472
13.11948
10.06298
9.605122
11.52248
10.02626
12.72747
13.81839
10.44
8.559836
12.25808
12.86687
8.266984
12.48364
8.236254
5.312561
12.10582
12.79982
8.200205
11.40745
9.366537
11.13011
6.89402
12.19933
8.270918
7.51817
6.982241
10.93307
5.218624
7.909361
11.33271
14.02104
10.45008
12.8674
5.349777
15.95534
12.94767
6.986422
8.936969
11.48292
6.53526
9.717494
13.38785
9.99079
6.033215
7.072903
6.614262
14.7125
5.585322
4.312714
11.10151
5.485652
8.437501
10.63499
12.06492
9.756689
4.619696
15.73427
8.613091
8.113946
9.114722
11.00117
13.65718
5.957928
8.508742
8.440239
6.018285
11.32154
11.81072
6.060222
11.9595
12.09193
14.80077
7.394536
8.559157
11.77526
8.083454
2.624947
5.514577
9.256157
8.79253
15.85299
13.57469
12.07949
10.67829
11.23829
4.047681
5.615634
9.411167
16.7306
13.37379
8.189159
7.073439
11.94086
6.3377
10.04838
10.31755
6.140457
10.89432
9.491095
10.75608
15.80751
8.565327
8.174372
12.06257
7.880734
7.826986
9.666778
15.3217
8.76245
7.855652
10.14134
11.06913
12.0208
11.96071
4.227821
7.877428
7.427536
14.33535
9.548386
4.065379
10.93326
11.77599
13.47964
9.324291
11.2343
4.311348
6.642233
15.8167
4.013307
8.833652
11.3383
11.90628
8.392678
4.929837
12.29592
10.33691
13.34458
16.89287
15.25484
