48.7174
4.115353
42.53853
35.34043
134.3926
43.60368
30.80245
84.69011
97.32771
68.73619
20.13195
22.14457
92.72418
1.50236
4.744276
9.260345
21.25358
18.84462
120.9391
6.894433
4.350944
115.5434
59.58591
127.1752
28.00042
12.1647
73.46249
19.87041
16.79843
45.44966
48.0571
13.4818
22.32889
26.56322
51.93222
97.81518
96.70839
68.60003
12.75317
33.80968
35.61334
29.27616
50.44928
95.8259
23.88028
19.33863
55.08126
18.70419
30.39831
43.15082
9.064799
4.305282
0.2994112
0.4581616
3.185337
24.81886
63.78577
36.71846
31.0427
2.199221
115.0184
22.60896
52.70519
69.39478
13.75112
11.91516
27.07155
69.30816
10.90172
44.14094
17.60103
52.69163
36.01632
23.97213
2.611709
2.122701
126.331
20.05612
17.29861
42.31457
12.52526
15.72303
122.3669
2.036198
27.16072
95.3482
102.6296
22.54673
25.05858
28.39655
59.09451
17.42619
58.52206
21.31459
23.96971
15.31787
14.71628
24.9898
57.89947
16.08966
0.7011089
123.4549
182.6269
3.090377
28.76505
51.70402
48.59249
45.70715
2.011088
9.7357
24.10393
65.53716
28.25462
21.29014
12.254
15.36411
42.01618
43.56806
22.47507
63.73935
95.61698
45.11074
14.95
15.75216
18.73287
96.97866
43.81938
146.3571
8.401211
35.97078
1.203435
2.87889
9.799277
11.60673
33.95073
11.60872
3.646123
20.47186
60.96877
152.1602
14.65077
3.751657
127.2694
136.7934
16.19338
45.23617
94.19269
107.3743
39.56348
5.996729
106.7144
95.27812
31.24935
28.04151
12.32103
29.45341
21.47226
17.71721
16.96089
22.78175
2.524117
1.171582
105.198
5.290165
6.343703
65.75341
116.6961
10.6457
8.429807
5.564389
5.17058
78.76227
1.168397
50.13534
12.49419
3.719352
8.543089
4.883236
9.689225
232.4846
85.15701
17.41919
1.046789
127.8256
54.15794
73.24657
4.374135
25.21031
38.34493
3.160688
24.69424
22.24693
53.90004
48.79065
25.82134
1.128458
86.72278
139.3469
108.1601
77.98841
0.9607928
53.21062
66.66318
3.819541
53.45
135.1533
0.869295
22.83709
18.1971
15.30545
49.93096
10.97447
26.20526
131.4571
40.57123
86.36214
34.98139
10.96961
14.97248
42.29475
49.67799
82.95631
64.93774
35.41183
146.9184
98.3491
48.53368
37.03663
57.9757
48.71627
31.48845
3.956114
3.192172
26.34686
174.5384
16.06965
24.25858
0.6232615
69.11999
29.07694
79.92825
18.23636
1.275533
25.87556
82.29762
24.21198
39.78818
50.49765
0.9455178
162.868
14.02533
32.34502
28.24662
7.965117
125.9153
3.333202
1.657283
1.408008
43.39806
73.21029
70.89018
14.17039
19.43293
80.39642
38.0539
28.18041
2.300028
26.61313
29.30014
10.92178
6.934771
30.04165
0.1736828
50.10282
7.717534
144.9756
16.51478
44.30119
11.76501
2.571913
2.644934
3.400681
51.59333
37.86718
33.01996
20.95378
63.8846
208.3574
88.09728
28.22854
15.88237
81.15429
14.56905
25.94797
15.80701
3.189569
38.04932
7.829461
284.6946
11.2299
11.50616
19.83711
52.84646
82.90936
169.2488
6.723161
89.65217
41.04983
26.41394
203.5975
2.348206
14.35178
3.975476
10.90641
68.36471
56.07578
242.9601
80.00741
53.5323
1.920869
29.33226
17.96869
29.29685
16.11887
31.16601
24.00915
4.228415
1.40615
164.5769
132.9227
85.34368
14.46368
70.86165
4.520751
52.32181
44.11144
48.21735
73.23499
13.47221
35.7082
32.905
26.9806
40.80251
135.3416
7.74077
152.4907
7.454975
10.81144
22.7648
160.0795
12.75441
37.62702
20.96321
50.21325
5.118348
40.54358
38.89499
31.36295
15.33389
49.90141
46.80843
13.12184
21.01596
0.5667685
6.636308
18.15488
28.94957
15.1237
37.95668
1.195673
86.23008
0.8365377
88.50884
106.3261
2.747458
61.84562
175.7966
14.17356
41.94576
30.49648
21.78879
1.704686
127.004
2.045125
66.24569
83.29653
3.420615
17.06705
45.25536
86.55988
20.15485
95.88725
105.7849
1.196764
28.21942
15.05239
89.08217
7.275668
43.34033
127.0585
112.5843
3.630426
86.76087
137.7205
33.80377
88.7764
12.90857
56.13099
45.71156
15.36003
17.85539
3.366071
64.23908
75.35758
116.1978
30.04023
25.82138
16.45038
30.30663
62.46013
31.72974
24.87739
40.81008
44.28605
18.32864
92.78658
9.093247
37.22629
10.48351
75.66291
10.47288
9.358402
24.21405
19.68982
56.94342
62.48271
46.19995
5.155435
96.1587
78.75858
20.36345
43.47603
5.982023
38.14384
11.5839
37.08851
10.57092
24.64946
9.694199
135.8744
15.26866
218.2779
123.1761
50.44489
27.10009
157.5832
38.89996
16.00359
5.054263
35.57277
56.11006
58.37326
16.92976
124.0952
15.67721
24.37141
56.21631
40.42274
126.2036
283.3152
9.829768
7.596697
20.57319
10.58206
18.62197
7.252732
132.0432
11.1319
3.354255
51.93754
64.78057
37.99604
15.15682
185.5487
3.806648
51.63308
33.66907
14.97918
25.39983
55.03182
92.33639
31.42097
11.60946
84.7223
2.739102
57.50053
27.51047
94.66161
65.75345
47.28449
29.56203
0.2242489
26.40721
26.88388
6.087486
12.12452
77.77119
108.096
163.9008
94.41352
17.3791
5.620819
0.5172526
21.31474
23.88511
21.15534
47.12055
36.62039
17.62342
10.00473
100.3486
92.60813
87.43777
67.1645
1.88467
9.14404
32.35826
67.47713
25.87808
104.8661
37.36157
1.144243
0.8278372
14.38419
47.31665
6.56948
26.97754
55.50971
12.88457
81.51321
40.55616
90.7338
95.8717
84.44607
64.09561
60.92139
10.93754
45.19366
76.18819
19.59806
32.51144
234.3376
93.81928
68.28205
223.7602
83.96432
51.92257
142.6212
17.85532
51.33468
38.1542
29.86451
22.5985
52.29936
42.7238
11.68386
128.8445
35.98621
8.723346
152.2395
43.84318
86.9765
22.17198
134.9572
25.68061
76.09253
52.30571
58.74296
46.12524
108.8125
35.38122
46.05903
42.77035
2.774309
23.33512
7.537044
49.60243
46.70184
25.48522
54.80413
96.86668
17.08941
10.33198
15.02009
69.48681
221.0159
96.391
16.60056
34.69576
27.96346
137.8391
7.766553
39.18758
4.554142
38.52727
10.4883
2.9906
35.34505
49.1363
142.6597
28.80321
53.04842
53.51376
21.43133
69.88788
22.46508
7.807433
15.08816
17.3739
14.20752
35.88961
2.257131
62.37772
24.81826
35.5799
0.4870514
6.484602
17.63389
10.02394
5.389091
15.15509
16.33822
40.22859
47.46185
17.38229
9.420028
16.89277
10.2979
20.83427
18.89833
10.07522
61.56947
28.99226
24.7512
3.840649
2.69313
89.39379
11.98903
174.9274
89.69285
52.86629
4.726366
119.89
55.61143
43.78712
106.5602
2.872539
38.66807
28.21703
29.17468
103.0452
12.63627
20.0745
20.88701
53.98865
77.18579
116.4276
15.46815
38.80529
62.72329
6.069788
90.94082
25.10984
45.22234
43.72314
41.2911
1.781629
10.07773
15.05935
43.66454
108.1233
32.67621
58.60578
12.68005
44.5411
5.181855
30.75933
187.7026
27.97981
4.423196
77.239
30.85598
175.1731
21.31513
18.55748
98.00393
48.12159
126.5668
76.32736
12.32622
17.45795
70.34601
55.36842
29.31997
25.57453
51.84957
62.6207
40.53075
70.18434
37.1535
162.5445
47.3991
38.91557
109.9642
31.62359
16.02179
11.1326
80.11186
59.50181
27.03203
44.0946
42.27605
104.7348
75.77253
58.69538
23.51746
5.190302
90.23568
3.789445
5.850487
14.11549
16.98736
57.54341
7.162363
2.173401
43.80076
1.396597
24.62381
56.66863
45.49671
33.45035
132.2236
84.33028
18.73607
80.42266
32.399
54.37855
27.27184
27.59588
195.4456
170.3558
134.1245
75.78084
100.9725
75.81302
27.94673
64.80388
5.287127
12.70842
20.11629
39.12382
7.474262
0.5642817
181.6408
90.31101
13.57237
11.63451
39.27204
113.3503
32.15663
113.0991
125.034
4.638469
9.984936
54.16638
8.492418
11.03623
3.570671
29.09503
84.67176
38.30675
5.635222
155.1386
42.00667
65.20933
95.20815
24.65061
29.45367
0.3398311
13.51444
41.15159
3.602276
7.278723
71.7348
167.6797
78.93178
5.257306
4.128596
103.5096
27.38196
42.45349
30.28408
45.0863
56.80309
12.12469
46.18557
7.218081
8.600097
11.07493
10.23977
73.18452
13.52287
44.68605
27.66424
29.79777
16.9772
15.3914
168.9034
6.766849
8.111086
31.88281
81.39396
15.52226
21.74651
18.09887
11.28285
48.07768
42.74029
0.4947875
4.937591
36.75683
62.61144
27.15504
100.9499
41.04514
0.8352814
13.33372
25.31318
85.74335
73.28627
36.45873
45.08563
68.189
121.815
38.73734
68.59287
24.44485
6.258727
19.48505
45.09266
1.283043
12.84299
13.46934
15.68599
29.00743
3.480884
20.08074
11.52748
30.41724
0.9328653
78.6232
52.33511
63.07164
60.038
281.2358
24.03437
145.9445
60.51349
51.59613
72.40857
167.536
18.6701
10.6853
104.667
9.403813
4.021479
38.46942
29.16323
96.9933
3.733093
39.12167
71.85952
109.4985
0.6559631
142.577
54.29495
14.51466
3.303173
12.93669
88.12954
40.95625
32.5087
0.5442689
17.48639
103.7848
9.577745
102.5975
15.31261
34.59532
4.696754
35.57922
3.197272
12.51984
33.06446
41.02726
55.82288
61.46374
70.53102
1.495407
2.474133
12.45612
6.986178
43.02437
38.53764
10.7265
45.60551
12.1041
22.37501
7.216877
14.1605
85.9105
27.44905
17.17933
34.75576
97.74996
94.6424
37.95179
31.03821
142.4611
32.02111
49.57001
13.13653
15.54449
96.98119
114.0837
83.98612
2.688367
75.77908
90.2675
21.66997
36.8539
7.389993
24.15128
104.1853
26.79069
39.17212
26.57409
12.4825
9.96102
27.35387
43.38375
66.79787
3.827315
67.63839
10.89746
38.94278
85.09251
12.23721
5.104787
54.31329
27.00078
80.04179
3.568731
158.0408
4.036661
135.5719
92.01388
28.20305
36.72514
134.0974
14.26451
40.54401
113.4857
68.33488
49.85247
6.730473
17.75432
13.10804
21.25072
197.0802
20.83666
22.02881
0.7670366
51.10093
24.42652
88.20187
164.439
51.09502
38.29651
64.32611
32.48428
87.73957
63.23161
12.18294
31.23797
19.75585
19.20832
10.79033
43.7366
46.71509
94.02164
23.58792
73.98693
22.99563
11.58749
300.6442
2.416056
3.735341
36.00982
81.5708
108.1748
35.85979
15.61
54.45699
41.2279
11.37868
6.742747
0.4922598
26.78557
105.887
16.36028
38.83364
31.57974
54.7739
33.99859
23.45633
55.23757
34.21254
10.74596
2.681474
55.67744
13.25627
14.45671
26.21371
25.8411
86.04525
69.03426
79.34249
7.037702
15.41109
4.983341
61.38223
47.20604
155.9891
12.3958
10.42592
40.43061
29.54844
19.29058
9.428858
16.71029
16.89859
3.170771
93.38942
13.0293
3.485225
64.82996
72.82268
2.367988
63.61107
1.981692
2.658429
8.028538
29.29647
128.8153
5.2943
36.65141
56.56356
8.068948
17.61253
284.7486
38.85748
36.83673
123.2458
23.70473
14.9521
191.0085
32.50011
0.2076235
221.4427
4.487425
39.78324
87.66565
8.778574
41.48291
4.952541
3.189852
3.326922
54.81891
40.87825
27.8183
73.76521
2.520013
57.05216
51.7607
12.15483
25.44399
28.19413
23.93581
3.1433
9.395537
30.29828
13.25771
18.27621
8.534229
33.44061
30.97187
160.6511
52.69039
1.669672
19.95182
6.590382
118.6624
15.39859
5.921114
53.94105
0.1812414
56.18205
9.794889
56.39354
20.52371
120.6518
72.64649
5.878442
34.83613
4.632919
18.36868
30.0201
22.92558
46.26614
27.42433
27.0274
142.9353
34.09995
17.2501
35.65529
105.5145
7.498568
51.67758
120.7128
32.55716
4.287715
2.833742
45.07832
4.618404
1.972911
21.55479
12.31218
12.30383
38.72132
53.46834
11.88733
165.9065
1.371536
25.02455
8.571629
40.30868
5.008674
22.75339
89.16926
146.1291
29.89749
155.0968
7.046476
2.753677
2.436783
1.616209
0.08219428
69.63803
29.2379
28.58439
40.56982
60.75223
240.4902
49.62542
34.94668
106.6202
12.7889
3.017238
113.3945
99.65823
2.383331
48.48873
11.98336
6.216469
66.17432
96.36132
61.89607
1.403319
56.18364
0.08829916
22.40793
96.13421
71.48389
88.04357
98.38797
6.92982
6.7432
15.34297
20.37571
45.5998
21.00834
30.85917
4.025849
22.02671
8.416375
0.2061328
21.34895
30.25443
8.795937
34.25114
7.436528
159.9792
104.1795
22.88916
6.99376
38.72741
22.61495
1.054426
50.05395
0.9494024
4.063567
73.72089
1.851234
29.97366
58.21314
9.231691
0.8609731
87.68408
27.0657
112.8811
18.75515
16.91348
123.6915
81.31117
20.23124
54.97096
64.27831
12.08861
9.460247
48.00677
41.26872
1.937388
24.52962
92.03478
21.11067
164.9175
12.81436
0.5914252
34.06125
2.944632
25.8004
40.53947
137.1932
51.0532
64.78555
13.30703
0.5685456
58.14024
59.37887
110.0536
16.59061
41.40102
84.76433
37.74314
35.75201
49.64544
116.1215
12.50837
43.04617
13.90132
20.65367
85.73411
3.833585
20.27341
23.37729
71.54109
68.71893
29.25108
27.08548
2.036001
39.2012
9.370826
14.8899
111.8319
1.758259
2.212264
2.906737
4.244198
6.397228
149.9558
19.69332
1.890421
163.3035
36.2443
89.2342
71.38961
27.64884
69.17677
3.62134
74.88955
15.81803
117.7861
25.51094
8.307804
0.771415
54.45097
3.893952
356.634
94.27619
23.54152
154.0489
213.6521
1.093075
29.32099
61.63903
24.47212
1.010342
40.43538
99.7655
10.93405
39.60479
34.00761
0.8298834
33.03908
57.1406
27.29317
19.03464
109.6965
33.09676
117.5344
68.06578
0.2305184
0.3713916
1.201933
3.246976
12.90992
10.41259
24.32914
74.28003
40.80877
88.75886
34.48842
40.38016
12.19249
7.126291
4.432147
41.20586
184.9712
33.19456
29.32886
115.7556
6.192425
82.79141
10.05599
19.7504
23.52322
37.77474
86.69159
21.98652
27.47559
37.64658
73.02298
102.9762
0.2734985
17.67667
7.821798
7.289019
89.53492
25.79746
28.53897
28.13193
69.50164
29.79228
24.08578
31.95783
81.26631
67.84857
9.382547
16.81613
48.59966
60.95333
33.26609
29.13483
13.82981
76.10595
34.84531
126.471
25.78974
114.6465
1.534048
43.15836
34.52891
45.28375
47.75333
47.30703
18.64869
52.09395
124.7901
34.57628
112.8172
94.78881
51.81448
51.86732
68.27568
49.28554
24.87333
5.775845
0.2359082
61.26252
84.02909
1.234692
52.14912
19.58256
1.151325
29.92823
10.43212
15.75428
67.47939
74.2245
32.08979
22.97846
16.00695
15.48898
54.46817
22.9471
88.30634
43.93004
44.24849
9.854968
4.133276
288.6814
1.424713
104.7997
73.26039
62.28446
61.12901
49.25561
19.86982
14.14046
5.163542
115.1726
7.957716
2.321669
26.73375
28.02874
52.65465
11.43264
100.5096
57.1802
65.86856
175.3678
57.76787
44.10673
74.23806
1.982885
8.697145
29.99546
26.46886
6.841782
14.39327
50.02502
18.81394
25.43127
2.872047
19.61558
6.546924
8.683126
6.236484
72.95224
40.56516
72.74151
14.09018
5.846058
0.05037388
42.08136
50.35702
10.78457
92.44075
5.526728
43.9253
168.9746
21.69115
86.80794
10.36227
112.1903
3.013657
93.65143
11.72786
38.58993
72.98707
2.075799
38.88978
66.29992
63.74133
5.203191
64.77244
112.6672
95.31503
83.15704
8.069465
29.88012
13.38724
7.894143
135.5435
114.0178
45.50769
18.50404
41.85157
20.00923
33.35168
161.5089
98.16496
111.7296
2.803226
18.78146
133.9373
3.439308
3.493594
57.26903
80.02751
29.03012
21.13008
202.7246
1.539283
24.26823
56.62521
101.425
147.1089
4.211205
48.78157
31.11478
15.208
47.19051
70.11868
6.506214
6.843034
8.632355
68.16427
132.3685
176.4035
9.274903
32.15725
90.97556
30.24227
167.4676
18.78749
190.0944
95.31633
6.43646
5.592291
12.1213
52.80374
22.88616
4.041296
52.43061
3.304813
3.432419
29.84815
8.496284
3.239326
50.94094
42.6683
108.6508
15.96233
40.77282
77.53326
12.04876
129.3113
10.95608
14.39139
20.04321
14.43025
57.87784
3.30123
54.87101
25.74398
129.8055
57.45391
50.66769
28.74
121.7423
40.03649
14.71161
15.56275
50.24311
9.829211
99.30836
15.18112
14.45942
21.37861
9.716246
106.0575
34.26218
57.63986
12.61598
91.9464
0.915108
11.05818
69.68086
9.518309
45.45852
31.01351
7.983786
64.57898
58.32471
35.2101
24.15681
16.34456
0.4410212
30.66916
140.8228
52.18033
30.3129
0.5687365
86.16856
25.75653
43.63211
44.89475
19.63052
83.94001
86.97504
40.4312
40.36399
98.10054
20.5221
27.25058
20.09178
152.7548
15.87618
25.82089
5.867977
3.699372
10.30472
140.445
15.79854
32.93412
4.27128
26.1902
110.3314
53.15848
60.20577
87.89008
135.0271
25.34197
24.44443
14.71875
74.01484
74.11567
14.25375
9.162733
14.75054
2.099726
28.98873
12.52346
125.3618
82.85812
20.9205
41.71222
7.560213
118.205
53.5739
68.00249
6.20191
13.25491
40.68638
4.193947
9.710472
14.05064
5.454084
7.988781
52.08927
91.73512
9.412124
63.98662
109.2509
123.7945
0.07785851
35.66933
60.24678
19.61035
39.07275
83.17537
30.25501
29.20667
8.277866
137.2745
93.85592
38.40256
8.080623
42.9712
9.3167
49.92358
63.04967
26.596
13.97907
112.1482
44.12144
3.346914
10.76536
55.07232
7.08184
14.54636
65.39394
2.730528
79.34065
54.0252
19.66096
36.44985
43.07337
38.5253
51.48404
15.46484
73.36702
63.25581
1.686716
16.86633
3.971792
123.7176
38.98348
19.69124
75.27122
130.3178
25.82781
74.57295
41.80644
17.02688
53.67263
13.84732
54.25762
18.65056
10.36705
69.17341
12.71059
98.49766
9.142216
2.556493
12.3422
77.10762
4.064428
7.469658
9.313832
19.49082
1.671038
26.91602
23.33971
29.47971
7.254632
64.72151
102.4438
10.00649
161.1774
12.69034
19.35208
26.00208
27.67648
51.94031
11.51703
32.77814
73.54534
101.1336
100.8342
16.54776
154.3478
39.52235
25.56999
35.28533
19.34164
15.27019
14.6363
10.70068
33.16693
99.18852
4.099008
54.23935
28.92716
15.54696
86.00774
4.419392
51.43108
45.54887
24.6817
11.5816
29.34373
20.76789
10.47939
149.3301
10.79058
14.64077
222.281
73.92594
30.95695
96.77551
12.79146
22.89261
22.6869
34.01841
45.6522
1.600968
104.3831
7.17415
12.02363
2.3328
38.09839
0.1418366
2.22385
18.08291
29.58488
57.09965
8.404855
67.16922
3.313176
62.69108
60.27636
30.51405
29.68158
52.9428
50.3746
104.2912
5.06194
95.50433
94.18978
19.28366
14.43136
98.09438
0.712809
31.31509
42.01384
33.10162
38.15079
139.8346
15.50398
9.253454
7.359636
57.30721
55.58121
172.7212
30.47449
33.8854
29.78915
9.274714
48.4512
24.88984
39.72036
17.96945
1.358248
14.27081
70.93801
136.2134
11.26309
18.64011
6.6657
3.158923
64.18419
42.26711
69.47047
99.13041
51.06541
42.70983
49.52393
39.08413
66.81569
56.30654
6.880901
4.665106
44.22158
47.3678
47.74596
8.699189
15.72945
117.754
15.64551
20.03221
50.64137
75.33904
9.012136
49.05999
31.2133
13.90331
64.93441
10.2858
36.04509
7.278202
43.61713
76.19412
30.44983
54.38598
8.246926
40.90497
27.63611
72.82155
53.49011
10.49433
72.1181
85.6869
36.83844
37.36898
163.1979
32.19755
6.366714
5.544588
17.70916
6.793948
7.83627
29.77671
68.40339
142.3756
19.77613
58.70341
72.88688
29.08057
38.77459
8.65841
96.43703
74.42121
64.33349
60.19665
18.61478
20.40882
10.00213
60.93192
6.956929
225.9905
31.06529
81.88537
9.154818
8.985283
14.2987
31.81486
19.70734
3.581774
1.439484
77.31604
23.19394
9.28063
39.89875
175.0476
28.82034
117.8621
13.82321
25.07394
23.32377
54.88555
56.87481
159.6935
158.5231
3.428919
30.21693
19.3377
83.6817
58.63603
1.064871
61.13795
38.9143
120.5092
40.80619
6.141066
52.16215
51.21375
103.4459
7.504444
29.45247
53.71582
31.51367
0.4764171
11.79014
77.24235
43.64017
78.74085
17.32025
92.67195
21.91126
38.52973
14.84039
64.56077
53.96717
9.988793
2.381568
11.6846
37.97679
47.44172
11.60367
11.65497
42.15338
7.489215
136.9857
56.97957
0.7087024
25.50114
49.03247
5.889587
29.16922
14.95731
17.02326
25.11063
28.49656
183.5304
123.4046
16.96994
179.2523
41.72826
94.97855
29.95344
42.23295
35.02788
60.21356
116.2662
58.56223
28.86339
16.51031
21.2577
56.60506
3.468923
96.29122
19.5916
45.23021
73.36975
66.88406
0.2290308
20.73719
10.22469
0.2568628
62.63695
4.154108
0.3773579
27.46602
111.1873
22.41111
13.04682
60.93416
77.50859
119.6357
26.43173
3.933557
60.15681
72.37077
4.522246
12.20164
168.4864
125.5354
3.547612
11.29308
15.14998
77.07138
18.39481
15.55461
13.29991
22.92825
92.61175
142.7152
11.16577
2.677393
16.58192
15.29286
46.80461
2.303711
56.07155
10.95413
63.97347
2.770125
9.16854
72.35097
37.51299
59.83935
29.90634
69.95084
190.0898
20.22341
13.3321
53.72852
74.9649
14.46972
41.86748
67.08211
37.77131
3.9827
11.61938
0.1000815
73.61804
72.24931
44.26363
24.85726
116.8772
8.776063
101.223
234.585
71.06492
116.1556
22.02836
26.81873
33.57646
117.9509
62.88181
3.013576
39.65997
38.33062
37.46138
12.94862
5.64
62.14027
6.179671
47.83831
21.31783
12.60874
18.56215
14.77783
227.1097
13.71731
19.94203
23.08331
25.8358
2.644479
7.801016
13.86883
16.57574
40.49629
389.4732
10.50986
13.98597
4.05693
7.648304
2.25322
14.53344
31.89918
37.60241
102.3573
111.497
8.058232
24.70519
32.76892
46.0521
41.74109
27.88053
4.892002
50.35445
97.66825
13.59359
12.21742
72.51464
111.6526
47.31664
62.73939
0.7451461
37.39735
0.6484895
15.06415
33.26836
8.519899
105.1094
52.2252
0.5479724
61.43466
50.48693
16.1609
17.86774
8.566745
14.53741
106.1183
47.5985
32.95521
66.99402
21.73488
17.28505
96.97771
68.07143
10.36278
104.5824
30.1248
36.54158
60.87387
76.05424
14.90711
9.418154
58.84011
36.77938
72.8392
6.214572
52.75097
16.70228
392.955
12.09648
12.98786
16.77239
136.6957
112.0493
43.79067
26.27556
90.40263
85.90128
88.28609
10.31389
148.7581
14.82906
58.61349
17.37723
71.72799
127.6813
99.54456
104.0343
43.96847
11.36629
32.9284
22.85507
70.2943
42.1933
48.50875
20.19592
18.74028
75.48096
67.51354
28.22001
61.29446
84.986
25.45441
13.31436
60.48294
44.71778
13.44111
19.8796
14.58189
16.83935
90.09494
82.18449
13.94845
102.7479
6.539164
13.30791
19.74698
99.48692
9.123491
96.67693
32.17642
33.20322
14.46094
105.2896
105.2235
61.27699
17.46612
35.54303
7.814507
45.90517
63.05019
10.85974
134.4971
15.55683
23.60053
30.73802
5.974475
20.72093
39.42964
18.64831
56.78563
33.75975
32.09801
11.25895
24.02145
84.86505
0.9264851
10.69416
48.30525
28.32583
4.300847
116.78
43.45023
196.341
90.78437
67.8324
21.75587
77.99169
11.90522
8.366934
4.263638
1.049653
24.40655
24.27598
32.41864
48.25067
66.94085
96.86537
39.38248
30.97141
21.76503
62.52166
6.522294
44.90176
169.2936
27.53678
0.2457197
28.3488
183.9188
18.18554
46.25482
26.90412
42.11453
36.30289
10.1123
179.8593
96.8776
9.112198
2.7749
53.84351
3.761605
12.53638
154.034
28.09283
8.890911
42.78035
5.039529
32.07983
18.55002
58.68435
32.75425
65.45621
10.05105
11.60212
71.58017
12.98353
3.05563
66.6838
2.498714
8.867983
34.21418
68.34307
50.53191
1.059143
66.10584
24.81517
59.99562
11.62753
87.99564
1.630587
0.3420362
15.85589
22.27097
13.86855
10.6003
51.68072
251.4562
35.73533
40.0513
24.51589
7.948761
31.09723
59.5297
53.52462
21.35454
56.81098
37.11698
22.7195
96.54842
33.0901
9.807578
50.50131
86.75052
16.87132
145.3687
16.094
8.691923
18.00819
5.757458
41.09114
22.81749
128.0262
8.480871
21.53591
85.62515
24.90013
15.48961
14.46276
31.47775
124.5154
85.03898
92.32484
73.35727
1.962619
17.14103
3.896804
90.6509
77.24174
152.6526
96.513
17.11312
16.31125
3.15655
13.30494
3.587249
77.6718
21.29711
35.10372
25.97925
31.47324
6.232455
17.04671
5.402448
144.7374
56.87724
38.11037
155.7931
97.97377
21.83979
40.84914
2.068386
189.4212
2.322062
13.09516
77.12442
131.6403
1.628773
72.09147
9.613659
65.20362
26.32426
6.612866
64.84378
310.0995
16.22628
23.29248
96.99361
47.07989
33.55423
36.88427
51.64563
99.14847
10.89813
58.73009
61.24252
115.4508
59.06383
3.252303
10.28669
62.41462
106.3843
91.93343
56.03024
23.38396
71.13409
9.636273
22.21839
27.77685
116.7625
65.0666
6.519322
103.7517
21.05859
188.7553
7.640885
0.1987909
22.86772
6.925865
24.00464
10.12632
73.92693
52.06546
6.116167
41.73367
82.94178
48.28375
48.28194
35.2305
58.61249
11.17485
110.4122
62.53359
21.53086
11.80741
45.7582
109.0991
52.50847
73.713
22.20343
59.68535
177.9556
13.28582
87.33539
23.96527
9.445583
93.75796
119.9362
36.30609
35.07128
20.54367
25.17445
9.503214
127.9391
24.66926
62.16052
39.67528
31.27759
19.83309
121.2957
5.974433
10.9766
9.566371
18.76443
26.73452
66.76665
16.47094
79.85905
6.785497
2.49469
3.228962
45.89292
147.0168
19.52861
20.21326
41.74786
7.787053
50.35482
39.84157
14.61886
8.309321
5.365939
35.70209
11.50033
36.99805
21.73115
1.35077
87.137
30.76689
28.34472
0.9713589
5.444346
44.40707
32.54368
10.66529
3.153007
56.54717
32.05892
73.11834
85.83226
7.132672
39.23754
60.36517
63.897
39.80501
13.58183
26.40337
14.4982
22.40372
23.79957
36.71643
16.80372
0.1789318
79.67966
91.79508
47.46405
26.43841
86.29306
46.2977
16.9002
98.84535
27.75026
18.68338
17.23929
40.62318
17.699
63.26261
76.97388
19.54907
50.26207
37.87158
24.27357
90.14265
214.9073
9.617086
20.82355
20.59184
41.84828
32.20542
8.446505
1.650435
10.07627
23.25405
41.88208
11.6715
20.01205
25.51905
14.13066
11.16043
38.04388
1.96058
3.830704
15.86314
63.17527
16.24408
145.0722
5.484737
17.82807
9.716768
39.18414
30.06686
21.74497
17.72374
34.92441
10.15821
41.73517
47.57067
59.91145
21.69127
39.0713
60.31911
145.8687
44.43605
8.56174
88.88315
11.34313
93.23266
40.49407
4.221307
26.11322
21.36473
26.35702
98.46418
11.00723
24.80991
69.59218
7.658562
21.21476
47.94429
58.94237
81.58943
33.82487
124.9595
174.3245
11.36772
28.82859
63.34357
25.58476
20.90589
7.677377
18.9238
180.4469
0.6238781
140.8339
2.543584
1.814745
20.65539
113.2281
19.91309
79.73318
25.80456
74.80362
36.01036
31.56567
2.874955
135.4712
26.51404
77.11333
3.168444
76.86089
60.74672
22.59812
125.4166
32.602
6.447256
10.1817
27.03276
130.6067
22.46063
17.06858
38.9955
19.58202
104.3226
19.24915
55.04048
52.27015
48.67842
73.51268
31.22726
62.15476
16.88703
55.43056
105.7031
20.64802
70.8253
126.2874
12.74745
2.602288
42.22938
45.13525
56.37793
67.09832
10.45977
21.47347
14.28821
29.0658
72.5343
4.094121
18.09923
8.428595
86.85179
13.25853
107.0229
35.13738
13.71129
22.41916
81.17026
59.07926
51.07685
13.59873
8.139625
30.92765
28.62239
132.0679
52.29023
98.01446
19.31467
34.97852
10.60182
17.72739
18.77155
110.0617
137.2878
27.41643
153.6274
32.46067
35.5258
16.02911
53.09353
6.013042
1.932211
65.56905
0.9493007
13.78342
41.91932
0.9091924
43.45315
47.65853
23.5754
43.81524
79.53718
167.8936
0.7847792
20.7977
38.3736
91.91229
36.97134
50.28915
111.8117
1.981167
105.2438
14.82041
27.52744
14.66807
51.54921
68.07694
35.69522
0.006979736
40.82739
57.73855
26.41618
20.52389
77.11271
129.2963
0.5206303
63.9069
51.99997
16.23865
51.30289
10.46832
48.08368
12.90028
59.85562
17.92541
8.582772
39.86081
14.99063
59.6515
16.73659
29.6331
26.49573
34.36437
81.60289
31.62125
3.734052
39.15974
43.62154
4.036719
9.708337
22.14863
12.93256
24.58448
47.90775
54.37823
63.58706
31.4237
48.62139
29.40887
44.79751
38.80537
8.758121
167.5635
1.642125
2.344341
81.87842
19.28162
23.28719
5.502886
19.07993
14.79028
11.44657
7.574156
5.376371
201.5865
45.73203
16.38429
17.45217
130.2883
0.01151068
42.57566
63.13807
83.24079
1.022436
44.31801
91.6364
44.5478
3.395369
77.43919
56.7852
3.58562
45.85921
3.013899
50.95463
15.20763
11.64956
108.818
3.541419
4.572589
29.19013
24.09313
52.16857
54.28139
297.4901
87.45957
5.331477
60.05144
135.6015
64.88957
13.29323
26.16281
76.25354
7.237438
21.25191
32.11532
112.5874
16.42356
24.01993
50.36758
4.421664
122.6641
6.062463
12.14677
25.9558
99.36903
240.4937
70.73213
18.08469
15.63206
30.9008
12.22574
23.2187
24.37527
4.318527
42.77154
165.2295
17.97308
36.02289
36.91771
17.72204
112.3528
34.4228
120.3928
39.20522
19.46023
24.83537
29.12324
237.2004
13.46281
51.80158
6.12428
15.24907
52.3235
13.38287
35.05894
6.601783
5.636518
31.51049
4.111688
21.30229
63.02698
27.65949
65.568
2.265946
21.07978
16.31151
49.77424
202.6675
14.78718
51.76577
16.04066
11.69145
41.14482
45.47522
24.98065
50.01284
14.61386
54.35457
16.56666
36.96512
13.31791
51.23334
23.99283
73.59485
243.97
66.21402
49.67619
132.8951
21.83174
4.467987
23.90165
10.39752
17.72703
19.9609
5.768871
7.375992
40.38641
1.441989
94.31244
38.80768
133.43
32.22045
47.37632
34.04863
48.41459
16.82754
184.9138
6.693951
24.18579
71.00246
24.56238
98.65698
12.52494
0.2741084
30.84831
12.26373
37.17331
257.7727
188.6565
124.6837
10.53209
30.6764
32.03725
98.54546
38.30689
91.28756
107.1963
32.63135
59.85071
14.0311
43.61802
53.76564
18.31806
35.50489
31.86357
33.12512
82.16505
28.31107
12.37416
51.19129
157.1895
76.02375
9.331217
62.15315
77.23537
4.921038
17.73066
25.49287
34.35612
51.39595
3.601221
18.89634
8.784475
10.41092
223.1567
55.6964
37.15627
15.40812
117.584
41.05046
27.13368
5.086397
2.04572
84.12185
14.61804
9.792735
14.07785
13.52474
8.479639
41.04937
45.30993
22.1376
1.412834
42.74728
20.4737
101.1628
32.75792
34.05817
95.87521
31.56329
8.719368
116.7745
100.1592
21.79366
5.626298
16.19514
2.329428
0.4869705
12.14351
156.0747
19.93012
20.65747
171.9597
66.62374
6.325342
29.77085
22.05687
71.76079
11.11055
105.588
88.9853
148.868
17.95107
91.80322
52.82538
32.27791
55.281
22.84369
87.35661
30.49297
38.05986
55.87032
4.055552
98.08238
126.4248
49.72323
1.991384
2.990161
41.95485
82.83573
1.778047
16.74262
54.75811
9.797667
106.8781
1.342045
39.89324
34.12228
46.07081
44.58458
29.19888
150.9414
46.05856
2.585138
38.76362
35.64814
0.08336958
147.1513
15.56697
5.571468
14.25858
60.53422
49.97319
19.31404
103.6624
28.63078
142.7483
99.39162
141.804
0.462314
1.689118
53.53991
4.195531
142.1499
83.12483
48.06746
70.33304
37.62182
228.2918
21.93032
89.01721
51.57025
30.83224
15.63766
42.00966
36.466
18.35121
2.980882
37.31221
56.9683
2.65962
41.73004
2.842042
60.32889
14.8585
162.6742
53.81125
104.6664
2.748851
8.405849
6.37385
63.53631
89.40168
129.7536
200.2449
86.72954
27.82421
74.99832
10.60631
9.743741
41.1174
53.18031
90.87501
136.3837
263.9375
30.20618
18.66746
53.42965
32.45881
52.11654
35.78446
6.099472
0.1348445
24.79478
28.46864
78.72798
19.41037
11.82704
1.64538
24.0108
80.94193
4.470252
8.659496
15.92622
150.5965
5.220927
13.72056
43.99574
42.17802
53.40412
7.771621
69.39965
2.489989
4.275464
10.071
35.10692
4.938795
106.9153
93.63649
8.632102
0.9055689
196.4462
20.04537
26.8818
48.13515
4.986261
3.613302
0.3601267
76.06347
6.970037
90.63956
56.68927
19.48052
80.90791
0.4094341
17.06303
0.5868694
43.52899
34.87323
1.789488
3.86357
217.7346
103.9662
22.68238
47.14287
1.645796
15.38033
5.621751
42.99783
0.5155583
66.36532
5.813769
33.16793
164.7566
57.21198
17.51305
111.501
1.412458
140.9408
5.477232
25.87439
87.72926
233.0443
15.93993
37.95107
59.87026
35.82115
117.3487
13.8805
80.28361
43.16052
69.15735
73.8117
6.47967
22.55684
116.6711
122.9244
15.79163
16.0373
20.97806
44.75915
1.812524
40.81715
104.7807
1.155713
61.49181
7.238318
0.1994153
13.2149
26.99288
7.577905
57.94574
23.64349
7.68372
0.5766145
21.7924
43.09464
24.0579
88.14826
82.68208
0.620518
43.65285
9.437238
93.69718
3.644582
8.258981
48.23379
78.46956
17.86273
21.2936
2.288239
62.17459
12.3791
5.978012
29.95079
37.02689
39.43805
35.72381
6.463897
37.7359
25.69665
10.39664
131.334
33.1475
31.17128
135.6166
38.96054
64.34213
3.794225
12.14491
34.46389
31.96651
23.02746
61.62078
10.89847
122.346
8.962415
36.0801
1.273237
39.48153
22.5268
41.57954
2.227886
3.195474
21.99133
10.55647
17.2002
5.361078
101.7831
31.51763
56.0116
3.432053
1.138691
71.75778
11.35829
16.40284
70.59773
29.85916
20.5278
37.42718
79.82773
58.73445
29.52083
21.28758
8.450213
15.23062
0.7719295
23.79584
16.08607
89.5361
25.32938
31.57099
55.21427
21.93481
26.22123
103.1381
31.29818
63.08392
22.0167
1.695928
40.61156
9.68937
91.70795
33.8133
84.80893
40.57634
26.84425
61.89123
110.4991
88.49309
18.21423
38.94058
29.79248
58.44383
42.95234
3.192315
45.03149
80.07875
5.84532
184.7526
59.75908
3.864206
115.1335
83.75996
1.220184
88.35489
1.200401
240.7738
7.404406
42.65375
85.06528
5.36076
34.40883
91.61205
13.62504
2.836418
18.09077
93.17846
23.75459
74.07498
26.3413
26.83218
26.99776
39.9841
11.00675
101.7988
113.3791
2.15203
2.477575
71.08731
30.5993
19.86125
62.85752
64.06299
30.92518
48.61854
67.79657
5.64901
17.49529
3.125493
17.56784
23.14611
225.6796
1.222088
236.5649
45.95796
220.4028
9.025305
137.4818
52.92991
4.440808
3.855654
19.21405
75.56766
0.7415089
35.66332
0.1783995
38.03489
13.93316
1.336217
70.67065
9.121532
75.28465
11.72963
18.14706
88.43854
65.56159
37.64142
2.217453
25.55771
124.8878
25.2692
129.1268
34.39724
108.8428
20.17849
4.615668
56.28318
67.40716
19.14666
128.6062
51.16353
67.84965
28.17612
88.97491
22.52617
23.27651
34.22073
88.63065
49.20808
9.351645
90.3313
10.76702
22.81541
152.0902
20.84148
44.35229
13.39026
117.5183
92.36918
64.00581
28.95109
72.09652
32.47004
37.89436
18.98039
22.2511
15.82341
12.52902
157.7125
6.238101
25.65708
98.5171
13.323
48.4832
53.87241
84.66986
31.7773
37.35634
89.0483
13.95086
5.661974
135.0394
28.94205
22.49399
12.18488
48.73915
174.4639
53.15548
44.07678
36.4887
48.27185
24.82263
20.42108
50.03073
39.07571
32.84489
5.316648
11.46611
16.35538
7.762269
18.97462
63.50772
13.8344
33.20533
61.16521
37.51636
109.751
15.77733
2.521167
12.79219
34.8955
5.822657
58.7028
20.98317
18.61389
22.40634
0.5268892
3.353921
23.19691
55.82628
61.43989
3.711778
24.73973
4.586626
90.19415
79.69748
81.20389
74.59457
78.34274
72.59991
52.54978
28.70396
2.40617
25.69269
23.44873
26.38779
173.1565
62.94586
26.20956
9.25191
36.34321
3.052369
20.47138
7.664692
15.96975
5.568154
31.65642
38.8219
237.6676
62.25256
78.63338
23.72907
13.55145
11.83871
41.89641
83.70104
41.35494
38.18171
52.9273
1.984861
6.57124
30.45228
12.86146
4.847541
76.22232
31.84591
20.88654
43.96789
36.96471
73.22363
82.72948
46.7211
25.77805
63.21934
61.49309
28.44955
34.25927
47.50559
20.67846
98.11964
11.7884
93.63597
52.59723
9.24522
6.862422
29.10092
161.723
93.64756
30.34044
83.73938
23.83514
130.7909
106.4235
119.3476
22.93715
23.37795
83.2577
23.6239
19.98186
144.3783
123.8835
11.37169
18.74922
21.74567
62.77232
29.93518
48.19495
1.523125
39.60118
27.51514
25.86695
24.88382
11.82702
70.47371
101.2072
9.632423
0.06688379
82.10978
55.7348
105.3296
4.318657
7.633299
6.434737
15.04347
49.2549
20.73874
60.13977
22.47925
46.92281
70.8403
32.51442
4.914294
10.50895
25.26889
90.44635
16.57301
21.66529
18.9247
38.09627
19.98425
72.94454
33.24526
18.68311
69.38624
39.71233
61.97375
76.83638
68.97892
193.6415
51.74652
55.7354
104.6983
45.02761
71.20918
79.70868
18.55904
3.091495
0.8276315
14.07756
39.67192
193.5444
3.379562
4.859123
16.54984
58.89045
122.3014
256.6547
81.4054
28.32518
63.23313
116.387
36.82554
18.18973
21.50952
207.2914
42.3867
46.86368
71.49137
5.775697
11.1611
22.04692
56.55177
38.62162
1.287119
8.02903
24.59435
64.12553
48.3338
5.349255
20.43315
78.71346
53.09152
94.12374
14.67324
38.28184
8.524189
33.2694
22.34921
69.51743
15.89561
11.2473
90.52086
20.64966
115.8901
110.9804
35.38293
5.826031
12.27933
122.1797
232.4816
70.22954
27.99082
3.715351
1.496864
9.989858
58.31779
89.27713
35.12487
21.56162
19.36015
28.24447
4.061999
17.26224
51.00181
46.99692
37.29001
29.34735
34.81565
35.17098
51.34387
158.6939
10.59867
5.300693
174.7287
3.207529
1.605884
29.8314
55.66105
26.41832
8.390877
58.67008
89.71581
56.16078
8.382469
60.67866
32.67706
23.88526
213.7409
38.93669
36.04342
29.25245
20.17085
82.18223
97.97931
22.21285
69.19368
138.0209
47.13769
21.80175
45.422
109.2689
9.828224
1.899134
88.88743
73.82976
14.90163
18.8599
87.0242
2.154941
43.40577
68.2394
47.64364
114.8301
81.68413
9.080968
28.77484
91.94365
121.4294
43.31386
4.569378
8.805478
78.24337
76.72355
164.4205
58.96521
61.13083
81.55394
10.1337
117.8203
135.2648
31.99392
34.31536
20.13871
40.21212
6.106585
154.6186
37.93485
21.79563
13.57549
4.280898
44.56815
141.5617
246.8654
52.67752
105.367
25.67128
2.669259
10.43051
3.869831
6.802126
42.60677
6.504308
81.23317
158.1902
25.14448
73.54447
24.77863
1.188763
26.76127
131.6391
87.65757
6.623162
0.2526663
52.7176
1.188206
5.574982
48.08708
14.98366
183.9872
15.37628
17.50667
0.4930223
111.066
109.8752
123.0697
139.4702
20.78353
43.53228
29.31751
13.39732
53.62685
12.53789
17.45022
11.40766
41.24243
26.08698
36.52853
35.08044
21.33806
102.7275
83.93376
26.93533
120.2179
57.63121
20.27781
200.5469
43.73845
49.3906
44.89526
4.78328
17.9101
8.445034
30.67404
40.70321
0.8209876
37.73995
87.22901
20.5312
16.28556
0.3404443
154.6432
17.26729
5.444113
2.118407
14.61654
22.41381
110.5464
25.19407
98.22098
7.913023
8.500172
45.20576
11.898
0.2052363
23.38783
16.61335
22.17169
17.48076
41.24308
41.91655
45.84031
17.28026
48.02635
4.440517
47.5965
1.283261
56.90717
48.61046
106.9505
59.88316
9.066079
44.80249
120.998
20.05332
0.831801
16.49859
33.32213
10.06859
13.60766
5.484214
65.07122
201.6358
4.113775
1.354067
3.819363
9.528298
20.99378
3.268738
51.37058
93.75547
20.0439
54.98886
66.5897
8.280866
107.5116
117.4058
121.436
3.478151
6.386167
57.29081
37.93659
126.4498
26.72603
11.6046
0.3534217
4.440296
33.23103
22.51001
4.816274
53.23558
2.688927
22.32641
4.424201
66.6857
229.672
130.3794
29.38104
47.16828
3.557435
14.72391
2.212349
96.62409
14.98239
23.80859
23.99445
21.27361
107.734
100.4335
9.412301
21.64166
37.6197
89.06204
6.878214
0.2370978
45.25369
6.406108
17.43083
19.96218
124.8291
17.33314
155.7258
33.4473
32.00686
26.59831
4.847209
1.515408
18.85814
23.77974
12.72374
89.53881
82.60274
154.0696
215.2822
51.2987
10.89968
34.80471
55.20271
91.06042
44.79413
77.15296
35.77433
39.70252
67.08888
12.70538
9.519224
100.0358
21.5433
14.91203
1.45108
41.57342
52.85029
47.59707
66.82525
38.29932
13.95623
57.43309
95.94394
140.5266
26.33094
79.01008
4.249395
14.99103
35.0729
183.5204
67.80758
164.9505
12.63675
112.691
79.6978
47.53907
100.244
29.01433
5.284297
5.947433
136.0535
4.938576
132.354
166.2546
12.93241
42.64694
14.2357
42.89563
23.6397
28.88934
21.20276
38.05041
0.3630264
3.608319
11.15628
33.24033
34.43635
26.53801
3.652653
81.88191
25.71482
46.58805
20.00403
14.4974
57.91902
13.41721
15.15277
65.94997
85.30794
32.83589
2.866015
78.92255
17.29795
192.367
17.41024
20.40079
72.95934
56.70776
13.62702
95.38602
41.95044
33.76674
18.6975
15.25675
139.203
9.052057
39.10108
3.963542
133.6729
2.385547
3.945811
21.8368
52.95385
66.7013
11.47294
61.46802
10.41293
73.35297
141.9048
55.90468
15.22839
36.68041
29.86422
83.73421
18.49659
6.313999
76.63089
4.191183
58.86846
16.81135
88.52459
0.2106829
41.10889
4.910551
53.38891
22.50136
19.59138
142.4434
8.982897
60.15289
100.8469
2.291184
56.29666
21.33827
12.21427
68.95074
4.867723
10.5656
9.291546
42.47327
40.70146
41.07195
57.18438
10.16354
1.780289
4.218896
33.19652
27.75524
145.8875
18.40774
13.71782
173.5662
60.43142
5.160218
178.6443
114.1046
106.0804
63.57629
2.593955
52.12046
7.396833
14.42458
8.92038
156.2846
17.20904
25.08805
29.91089
27.8875
63.9117
74.06894
15.43906
24.29539
11.33456
3.056274
29.81939
200.6823
59.65354
2.11996
39.75932
19.73947
87.32079
29.695
8.27444
9.932209
109.007
63.15189
2.55977
79.57071
37.50328
57.30705
19.06248
18.00742
15.90881
31.51321
36.55296
32.64075
54.63268
3.801844
43.03553
25.50978
15.27827
19.17053
21.05255
11.88078
19.61241
27.1133
5.999283
10.91306
9.504551
56.72142
20.74373
46.20894
58.84388
5.671277
60.52524
22.62985
21.77771
57.10174
7.556132
6.627394
7.650258
14.40048
67.12725
15.44969
20.95643
4.80825
14.91194
38.05767
106.4743
30.56018
154.0648
65.43828
28.44838
65.30382
23.64011
62.7067
26.47815
119.9966
74.61324
45.56964
39.47913
45.32737
31.41154
142.947
31.91092
39.5758
0.4194535
29.69001
34.36846
57.18106
28.20376
147.0258
27.13514
36.26751
15.40535
85.33215
62.50765
26.22217
27.18081
11.28756
45.46052
15.60895
5.405947
128.5854
48.03695
21.9808
36.32367
6.387202
20.06531
138.3044
61.67541
64.3721
21.64752
18.9727
43.77424
0.6055434
98.61607
2.556077
179.4263
11.78286
22.12347
10.00545
8.874335
24.27851
35.85222
18.51437
54.33283
43.67558
56.04447
72.12807
89.98564
25.76587
67.32886
141.839
50.91865
1.667615
38.67469
99.71108
77.95233
4.972036
28.1564
58.97808
28.00561
39.94127
3.068891
39.61001
10.8223
57.07992
0.5851442
21.47277
19.98864
13.36213
51.96593
4.64105
1.368428
27.13599
4.112594
11.5609
11.27241
140.2187
12.04159
78.86185
94.26053
54.72514
9.429387
10.78419
62.12627
28.99028
30.86618
142.5924
52.08748
56.08285
25.16881
27.00649
244.4495
26.44393
18.94906
271.9979
76.70481
12.58654
18.02179
1.053426
97.38744
2.354262
109.9925
4.023883
36.37347
10.97224
64.23528
98.16361
71.71804
0.9751858
5.967696
7.021031
21.03655
219.4394
18.20213
35.98938
29.78295
47.99941
36.01318
170.156
5.07983
18.06799
40.60868
35.865
12.5498
50.5199
52.68181
67.67368
148.8802
4.601133
8.92725
10.41194
13.05128
43.18959
0.2197257
135.5512
53.71973
91.02127
57.01816
2.905948
52.26481
7.735322
17.71424
14.46412
58.34823
53.65
43.08414
22.1647
19.95877
72.18646
27.5679
28.91027
1.753664
19.01115
1.846166
31.91289
116.5641
5.329735
64.96578
27.07311
82.08587
36.66636
0.9975811
152.3761
49.72381
194.4213
16.72795
24.05213
15.96829
22.26169
34.19109
55.22944
37.81989
31.30528
28.85871
92.45453
202.4226
151.1465
61.95229
71.06792
4.558817
72.77855
129.3325
26.71579
8.518686
32.83471
22.37949
12.7351
130.2803
55.45964
24.71599
35.96595
39.89598
13.24082
15.9038
147.5106
2.424416
18.72594
20.433
15.8229
171.4065
17.72243
108.1661
20.8762
13.13251
17.53102
69.31482
100.4684
6.773342
30.26937
13.0678
14.0284
65.8347
28.49165
11.59217
6.72652
39.46377
92.43645
8.769558
96.82653
9.795216
3.612452
125.7009
19.26742
23.87983
27.78143
21.45089
2.566052
85.71722
27.55078
41.98767
45.42555
31.17941
30.39567
58.57399
12.31657
55.16035
37.67075
58.32282
16.30511
41.15755
58.67359
8.45139
13.21649
63.34303
23.61753
37.03159
106.5028
97.02202
41.10726
50.51133
34.38618
38.27432
17.97436
132.9512
19.252
29.39515
102.0722
38.86477
7.161936
6.055905
42.71055
47.85992
115.0823
0.5016155
12.39231
21.13195
28.71615
7.143649
17.42364
20.42886
43.00676
44.89763
111.8814
66.47105
32.48364
102.6266
3.649403
22.31603
143.8416
91.85571
87.99962
34.63285
51.33294
7.066151
31.64525
148.0399
11.9224
27.98005
0.7661436
5.535965
4.127885
106.5703
79.98423
8.705863
26.27148
33.76278
74.07215
65.69036
60.60994
103.6852
59.39692
185.9878
22.68211
63.98503
13.76465
252.5055
60.88632
12.3031
49.04099
70.71823
13.31655
143.3998
6.76845
36.6804
71.12692
33.69754
13.91293
7.042976
19.41311
72.22073
77.39694
25.59468
0.7332323
4.888208
1.885974
87.75598
21.17679
3.140001
4.962355
7.75727
3.629285
132.2148
57.76833
63.7617
8.628343
13.1255
26.86266
108.5378
16.53729
5.977409
3.780431
4.849147
10.76733
8.458065
16.27748
22.93667
75.99454
72.01935
23.0728
49.32526
3.63969
8.33607
71.5335
74.23368
14.39922
74.12774
4.727187
25.73618
12.67375
47.16256
53.04392
0.08103953
1.477224
19.8377
56.8749
26.32951
36.02632
29.57706
15.8568
64.72892
0.06161809
3.093676
165.3445
132.2594
16.86258
4.138589
15.82118
61.87838
8.306202
21.97753
10.45125
47.55389
42.93438
1.155234
13.83443
33.82914
24.79391
28.32813
11.3587
24.6185
33.23395
14.40813
45.96769
25.65471
208.889
88.94095
79.06278
33.30624
17.4467
32.73497
139.6864
140.9696
26.3348
84.15717
181.3578
94.02428
103.3716
102.6382
83.42349
52.44647
1.762272
184.2945
5.941127
129.2374
1.587762
61.39804
7.997632
56.05841
109.8663
143.6344
21.83656
45.70713
33.94482
86.29367
24.76746
47.18243
7.84616
10.23817
15.78634
2.615657
55.65466
186.1777
35.19738
63.83477
0.9156595
41.84781
4.667011
23.16257
8.721274
69.40526
27.39734
84.82349
3.575528
71.0729
12.29477
1.566167
104.2659
69.73008
23.08151
59.80762
3.231526
78.3412
78.73805
30.66445
32.57167
98.26017
203.2294
144.9229
30.97772
63.53968
30.31323
189.0246
117.896
51.37563
211.6071
79.17121
2.920243
154.698
79.75646
43.94968
15.02755
59.74583
50.50122
65.83929
5.778515
52.00835
50.35769
2.253808
137.3758
34.67321
48.4328
25.343
1.78124
34.60346
80.90308
195.8685
16.26055
25.9229
93.42508
46.62986
14.85408
1.033721
46.94625
8.930881
7.3565
1.235952
106.5484
11.62996
61.24421
4.890764
11.68396
77.12524
33.72927
157.0863
1.637782
6.203156
112.6341
95.97772
119.8107
11.98716
44.52281
11.87048
14.44745
61.24671
37.49641
133.2248
5.902812
20.86364
24.82108
1.692686
21.18943
2.012055
106.8659
20.21579
4.114633
12.60584
12.19953
101.8273
33.76463
5.387941
27.25354
122.5348
1.390083
23.83148
47.37312
2.239966
46.96677
60.86657
157.4548
16.20187
48.93917
18.91924
76.5389
17.79167
66.34481
2.202041
10.67144
115.8432
45.29324
43.85437
56.28108
26.30032
31.81839
63.09965
6.24042
134.9038
3.172195
38.74412
50.33023
40.05792
51.44231
10.4561
10.23462
9.201018
52.26434
8.461329
3.871884
9.418349
20.47622
11.81355
29.30546
35.62903
34.69385
19.74915
42.752
52.45395
0.8439684
35.26629
37.20761
7.195297
43.79858
22.91168
37.0877
14.02794
71.6638
5.701439
43.753
21.7688
43.41175
31.90846
20.16184
5.813322
205.5618
19.17339
60.33953
17.6974
2.53389
29.69329
66.26101
21.85527
23.02058
15.57771
56.91162
49.77203
3.619023
52.79568
30.26213
27.55842
152.8547
13.0906
61.32984
21.01185
48.04792
18.07369
16.33838
9.494603
218.3439
90.08357
21.99328
56.17738
53.56008
87.00993
41.67946
9.174029
2.23101
12.59033
41.58887
10.98814
11.67024
47.39663
0.04051998
35.42662
7.979737
17.7719
17.48222
9.340482
0.5561858
38.79666
101.9636
5.627018
22.2889
125.8919
194.0402
77.63447
8.781756
14.38428
30.6138
4.324075
14.85325
0.7482746
76.91966
28.98613
47.41956
28.2491
42.7884
74.14419
30.82517
69.92824
23.74045
41.18802
8.127545
0.3230785
42.23015
37.3498
24.59689
16.5037
289.6018
4.492511
52.12008
21.87456
115.0623
15.38047
0.9401942
31.84293
2.739526
35.5439
4.846812
49.41596
11.55301
44.45192
68.5839
27.33503
12.1622
31.31606
15.64526
126.1409
138.4787
16.67529
56.02003
9.969209
51.80435
0.09265324
85.38009
69.0853
17.82151
33.34458
18.10959
20.65179
13.64538
12.236
25.92096
25.71937
5.897693
31.23695
28.05851
69.20241
31.1032
28.06852
53.48667
72.61424
35.68328
48.92447
28.89555
97.72228
13.39765
18.52784
44.30164
83.15128
45.41005
28.71282
14.33691
96.6023
35.95683
28.96058
41.44592
14.46189
49.78754
100.4083
29.18483
235.679
69.59039
123.2913
0.4776593
177.6145
25.30309
63.98147
54.49091
7.655911
18.67133
63.82719
52.33142
3.725168
31.39714
16.06628
49.27755
3.621509
36.20159
85.87288
20.25674
78.39081
2.617179
44.30074
1.236212
93.39692
102.236
0.2755818
16.44939
91.32619
46.27808
52.62227
3.209488
7.590454
60.57023
62.84892
118.9066
3.117915
30.689
122.632
28.42956
85.92431
72.47123
2.571693
97.89709
0.5486093
5.646494
5.635879
33.1472
2.302396
89.48872
58.15836
30.38838
44.89655
15.4281
186.1479
138.6538
2.646868
2.864573
91.00107
89.63415
98.20272
45.82104
112.6611
11.16318
40.41403
190.9159
48.10562
2.681206
137.9652
35.37334
5.108191
21.54481
1.206802
22.03144
